抽奖号码如下：
42505059[0002][50]
43682370[0020][50]
86914438[0026][50]
83338499[0035][50]
63227286[0038][50]
92624105[0039][50]
82506446[0040][50]
12178205[0042][50]
91086516[0087][50]
16949582[0097][50]
19154349[0099][50]
50176643[0130][50]
15055677[0132][50]
42747281[0133][50]
81799685[0149][50]
68466673[0159][50]
73512436[0165][50]
22259908[0175][50]
86332704[0185][50]
55455927[0186][50]
72373467[0192][50]
86000007[0216][50]
38976695[0218][50]
23575887[0219][50]
18645639[0225][50]
93908886[0239][50]
21499291[0244][50]
51831611[0265][50]
23118903[0266][50]
80392423[0275][50]
97288174[0282][50]
31042919[0290][50]
92610161[0305][50]
93230704[0307][50]
15594525[0317][50]
99110449[0323][50]
47778893[0330][50]
74617866[0356][50]
72767677[0364][50]
32932554[0368][50]
69245551[0390][50]
90497040[0396][50]
66221595[0398][50]
47476920[0404][50]
12457292[0409][50]
91480448[0416][50]
59573633[0417][50]
70373158[0426][50]
74914377[0429][50]
28122422[0435][50]
96520286[0439][50]
15346433[0443][50]
18570313[0462][50]
64970864[0473][50]
72857019[0476][50]
38989097[0534][50]
17189896[0539][50]
17926727[0562][50]
89391974[0598][50]
45839966[0600][50]
29899241[0607][50]
57465987[0617][50]
41699269[0620][50]
51730347[0621][50]
29671717[0629][50]
21155271[0634][50]
52237512[0639][50]
24811102[0640][50]
91235971[0652][50]
76481397[0653][50]
37258674[0675][50]
72602769[0750][50]
80443927[0752][50]
75279743[0753][50]
83250252[0765][50]
14039463[0771][50]
63502971[0790][50]
31657568[0797][50]
36281034[0810][50]
32257132[0834][50]
11863479[0843][50]
25379201[0850][50]
89936181[0872][50]
54401937[0894][50]
24861167[0907][50]
70553928[0913][50]
69399605[0920][50]
47010000[0921][50]
54686442[0934][50]
11749204[0954][50]
43388926[0960][50]
46811097[0991][50]
95108171[1004][50]
95113581[1005][50]
82531638[1011][50]
72275556[1017][50]
60622860[1029][50]
88769631[1053][50]
72619319[1062][50]
94804520[1092][50]
23244908[1096][50]
79434242[1104][50]
65416541[1105][50]
55218799[1120][50]
49374161[1121][50]
72391942[1130][50]
46582008[1133][50]
47033167[1139][50]
71868523[1140][50]
46161989[1150][50]
76259390[1153][50]
79657763[1158][50]
15163025[1171][50]
78381494[1194][50]
71125933[1198][50]
56415733[1211][50]
21625651[1248][50]
86116066[1255][50]
61976734[1259][50]
61130253[1267][50]
95381586[1272][50]
47343718[1295][50]
95757602[1296][50]
21665354[1298][50]
73498138[1311][50]
87298188[1317][50]
49536010[1321][50]
57100009[1333][50]
29639168[1339][50]
75348771[1344][50]
79430955[1346][50]
87640289[1347][50]
33501666[1350][50]
24386952[1355][50]
95551791[1360][50]
14274663[1366][50]
16926805[1393][50]
75169618[1408][50]
84308838[1411][50]
95469260[1437][50]
47742599[1464][50]
31972358[1470][50]
12877769[1489][50]
24384643[1498][50]
88946201[1499][50]
40652729[1502][50]
72315289[1518][50]
29063630[1521][50]
60842837[1525][50]
12976991[1538][50]
22675656[1543][50]
64479348[1547][50]
68294045[1548][50]
84285853[1554][50]
25694708[1558][50]
65718316[1560][50]
96313736[1575][50]
22603940[1576][50]
86743761[1579][50]
52947587[1581][50]
93437113[1595][50]
54287222[1601][50]
66777839[1606][50]
54166064[1611][50]
32602402[1612][50]
93988292[1623][50]
58054369[1634][50]
33606800[1636][50]
36285962[1637][50]
78699397[1638][50]
37722276[1648][50]
92568122[1659][50]
98493652[1661][50]
54713637[1726][50]
67787639[1731][50]
65618034[1745][50]
58770535[1769][50]
94166224[1777][50]
48234536[1779][50]
43189614[1789][50]
37575005[1795][50]
81170109[1816][50]
19795178[1821][50]
61183535[1836][50]
54304137[1839][50]
25126233[1842][50]
56594160[1846][50]
48011241[1853][50]
73014580[1861][50]
50054654[1868][50]
29035171[1899][50]
32613305[1901][50]
92276412[1911][50]
50709591[1917][50]
47269391[1921][50]
60402486[1929][50]
75017905[1945][50]
78993743[1974][50]
10944114[1983][50]
10119521[1985][50]
67243204[0047][20]
28187503[0077][20]
27547707[0134][20]
80455831[0183][20]
35010074[0207][20]
99630438[0248][20]
11863902[0254][20]
96802058[0264][20]
52630978[0272][20]
88479264[0325][20]
33416472[0332][20]
79968615[0340][20]
44017677[0447][20]
45976511[0457][20]
47773539[0477][20]
82966257[0478][20]
32998938[0542][20]
32394287[0574][20]
87116226[0578][20]
65681910[0847][20]
45740142[0939][20]
92360334[0950][20]
24330368[0965][20]
36382419[1045][20]
28362889[1050][20]
89524786[1170][20]
77099959[1185][20]
32782153[1262][20]
38615286[1274][20]
87820705[1379][20]
18611551[1384][20]
97727963[1386][20]
70918205[1462][20]
76810888[1468][20]
30892311[1500][20]
26741532[1505][20]
25796537[1522][20]
61725682[1574][20]
44393146[1594][20]
55617869[1614][20]
72957641[1624][20]
32821454[1686][20]
76598237[1740][20]
64975896[1864][20]
88504144[1867][20]
18921254[1895][20]
57273822[1897][20]
20979664[1902][20]
71756915[1965][20]
35046697[1968][20]
68204567[0010][100]
46712353[0022][100]
25681692[0070][100]
40735169[0073][100]
97518462[0083][100]
29566709[0104][100]
41553942[0113][100]
70948379[0135][100]
10075683[0154][100]
97025782[0164][100]
47829351[0211][100]
16751388[0242][100]
25998475[0269][100]
45297714[0276][100]
49369614[0284][100]
42298582[0294][100]
16253016[0308][100]
48778455[0311][100]
26686327[0348][100]
22891420[0357][100]
34009160[0361][100]
93815722[0388][100]
97344693[0399][100]
92466224[0420][100]
50436842[0456][100]
94716955[0458][100]
50210188[0459][100]
30063630[0482][100]
83297088[0520][100]
75202757[0533][100]
41372541[0537][100]
96883208[0616][100]
20299663[0628][100]
22508950[0633][100]
95745512[0696][100]
21401432[0742][100]
42758678[0744][100]
93736369[0756][100]
80638914[0822][100]
62403600[0839][100]
19344076[0860][100]
38741382[0866][100]
33318651[0874][100]
64091695[0880][100]
81828046[0891][100]
68732771[0931][100]
70571438[0945][100]
20045301[0966][100]
26344910[0995][100]
71402041[1002][100]
24325590[1016][100]
43056474[1020][100]
89963507[1026][100]
36553873[1065][100]
48301100[1066][100]
35085196[1090][100]
34037028[1131][100]
80763046[1152][100]
77504748[1182][100]
40077985[1233][100]
80073085[1265][100]
79779332[1313][100]
44923880[1331][100]
36200247[1334][100]
74929293[1343][100]
73011880[1380][100]
72542487[1385][100]
62085853[1406][100]
79047418[1413][100]
63746883[1421][100]
17270019[1503][100]
77455949[1512][100]
33954589[1513][100]
62692638[1557][100]
74850207[1599][100]
23540259[1607][100]
65440949[1610][100]
53440845[1616][100]
30823014[1644][100]
71881980[1682][100]
12520903[1727][100]
60456015[1741][100]
57473034[1752][100]
74123337[1773][100]
31189812[1786][100]
93049833[1806][100]
56833722[1833][100]
42729277[1847][100]
77756436[1870][100]
33244779[1872][100]
28639803[1882][100]
70660664[1889][100]
96991799[1904][100]
92616736[1905][100]
79651491[1920][100]
53281684[1926][100]
92679799[1939][100]
11376583[1949][100]
50908365[1957][100]
21475179[1973][100]
80231828[0000][0]
95113871[0001][0]
16565815[0003][0]
74479937[0004][0]
69156386[0005][0]
35321258[0006][0]
53006034[0007][0]
33589956[0008][0]
22905046[0009][0]
22331104[0011][0]
28934521[0012][0]
24282242[0013][0]
65615082[0014][0]
43572076[0015][0]
46922003[0016][0]
84437430[0017][0]
30785371[0018][0]
69905965[0019][0]
55652626[0021][0]
19127477[0023][0]
42046379[0024][0]
93399661[0025][0]
64842634[0027][0]
66492037[0028][0]
94223440[0029][0]
45980301[0030][0]
76630328[0031][0]
35444175[0032][0]
99620545[0033][0]
24307594[0034][0]
28247637[0036][0]
29073635[0037][0]
88664804[0041][0]
77364073[0043][0]
37447428[0044][0]
52819436[0045][0]
43681980[0046][0]
13430915[0048][0]
21007657[0049][0]
83868673[0050][0]
81602646[0051][0]
49558100[0052][0]
50334550[0053][0]
57328697[0054][0]
21605236[0055][0]
65899639[0056][0]
52226056[0057][0]
70891565[0058][0]
38358095[0059][0]
74289774[0060][0]
44920580[0061][0]
71170200[0062][0]
72394819[0063][0]
24140816[0064][0]
19522204[0065][0]
64263614[0066][0]
35327576[0067][0]
82380575[0068][0]
65420746[0069][0]
70140822[0071][0]
57058661[0072][0]
18156482[0074][0]
21125436[0075][0]
59372786[0076][0]
51331970[0078][0]
51594377[0079][0]
88674353[0080][0]
63882005[0081][0]
35931593[0082][0]
86731950[0084][0]
38174770[0085][0]
19546241[0086][0]
85794260[0088][0]
53859857[0089][0]
31504438[0090][0]
18365061[0091][0]
45807497[0092][0]
32653958[0093][0]
66256752[0094][0]
54095523[0095][0]
19945331[0096][0]
60363676[0098][0]
33794624[0100][0]
98502193[0101][0]
49361656[0102][0]
55807058[0103][0]
69951282[0105][0]
42551859[0106][0]
46027607[0107][0]
40519006[0108][0]
93044010[0109][0]
99595455[0110][0]
36640870[0111][0]
93691296[0112][0]
73326935[0114][0]
49613184[0115][0]
86646824[0116][0]
49463548[0117][0]
78796477[0118][0]
22431092[0119][0]
65153537[0120][0]
43487458[0121][0]
78175283[0122][0]
27415317[0123][0]
34142160[0124][0]
30104600[0125][0]
13210798[0126][0]
78016899[0127][0]
71399056[0128][0]
32793478[0129][0]
39077645[0131][0]
79479957[0136][0]
91848944[0137][0]
22781696[0138][0]
81741822[0139][0]
27999686[0140][0]
21065832[0141][0]
26547340[0142][0]
43759611[0143][0]
58592709[0144][0]
17915061[0145][0]
66054077[0146][0]
61838635[0147][0]
22990255[0148][0]
40976508[0150][0]
33528768[0151][0]
32137253[0152][0]
52530020[0153][0]
45364886[0155][0]
30505539[0156][0]
77446235[0157][0]
92442224[0158][0]
46875891[0160][0]
50348123[0161][0]
21459089[0162][0]
10082373[0163][0]
38846191[0166][0]
62528421[0167][0]
76421558[0168][0]
34111586[0169][0]
79149424[0170][0]
86864941[0171][0]
79733413[0172][0]
52647143[0173][0]
16955604[0174][0]
90228889[0176][0]
65444239[0177][0]
32163546[0178][0]
56344442[0179][0]
32398949[0180][0]
40719954[0181][0]
18513860[0182][0]
11929431[0184][0]
92069770[0187][0]
63134209[0188][0]
28167398[0189][0]
89906582[0190][0]
49055221[0191][0]
83389403[0193][0]
26917072[0194][0]
94732299[0195][0]
54630952[0196][0]
72778781[0197][0]
87714793[0198][0]
22389304[0199][0]
31165717[0200][0]
71990563[0201][0]
14772858[0202][0]
49445309[0203][0]
65990474[0204][0]
79364620[0205][0]
71409557[0206][0]
68701502[0208][0]
38687436[0209][0]
89301782[0210][0]
75678517[0212][0]
44323607[0213][0]
26043805[0214][0]
79350453[0215][0]
91391862[0217][0]
10071355[0220][0]
37290540[0221][0]
90866187[0222][0]
54761200[0223][0]
48454164[0224][0]
56996646[0226][0]
85365850[0227][0]
65173143[0228][0]
88654332[0229][0]
60963652[0230][0]
69043710[0231][0]
91577855[0232][0]
39946481[0233][0]
16496642[0234][0]
26698790[0235][0]
40110806[0236][0]
29119354[0237][0]
53994025[0238][0]
56895453[0240][0]
91834936[0241][0]
62669278[0243][0]
17545704[0245][0]
67237721[0246][0]
12588854[0247][0]
74003368[0249][0]
82848997[0250][0]
77917362[0251][0]
10303150[0252][0]
21810969[0253][0]
77687960[0255][0]
62370045[0256][0]
38691729[0257][0]
10318422[0258][0]
41103833[0259][0]
89923687[0260][0]
96660022[0261][0]
35029430[0262][0]
86341245[0263][0]
18646507[0267][0]
29196962[0268][0]
59574689[0270][0]
20425144[0271][0]
74928650[0273][0]
73441510[0274][0]
72084044[0277][0]
49835472[0278][0]
64093900[0279][0]
35610014[0280][0]
79539122[0281][0]
72295953[0283][0]
26934530[0285][0]
84984455[0286][0]
93165598[0287][0]
65905892[0288][0]
95286445[0289][0]
71107788[0291][0]
84783862[0292][0]
76209658[0293][0]
90469730[0295][0]
69478101[0296][0]
53259714[0297][0]
78557760[0298][0]
70270081[0299][0]
87469208[0300][0]
53537626[0301][0]
37260070[0302][0]
80187566[0303][0]
54733442[0304][0]
94344844[0306][0]
17637058[0309][0]
20320172[0310][0]
34143318[0312][0]
94234445[0313][0]
66988916[0314][0]
64196419[0315][0]
52745704[0316][0]
46440107[0318][0]
82157874[0319][0]
39516313[0320][0]
49542529[0321][0]
73712612[0322][0]
34361610[0324][0]
18886664[0326][0]
24073039[0327][0]
61122403[0328][0]
30458862[0329][0]
46122832[0331][0]
63304402[0333][0]
74010188[0334][0]
40015880[0335][0]
53151180[0336][0]
51095848[0337][0]
50729910[0338][0]
44440480[0339][0]
55616146[0341][0]
66742902[0342][0]
71334057[0343][0]
86474876[0344][0]
25724980[0345][0]
56717055[0346][0]
82697027[0347][0]
35505587[0349][0]
56751804[0350][0]
47630754[0351][0]
32509512[0352][0]
92803960[0353][0]
25145033[0354][0]
11969083[0355][0]
21732107[0358][0]
86404333[0359][0]
22332435[0360][0]
40184442[0362][0]
11336686[0363][0]
22292266[0365][0]
84349572[0366][0]
41590373[0367][0]
81499784[0369][0]
60265819[0370][0]
82975869[0371][0]
46504757[0372][0]
72002855[0373][0]
28166906[0374][0]
62084596[0375][0]
32110464[0376][0]
71539652[0377][0]
89733999[0378][0]
96499327[0379][0]
62357666[0380][0]
97551076[0381][0]
35396635[0382][0]
20188740[0383][0]
17151327[0384][0]
61819667[0385][0]
84149515[0386][0]
86081599[0387][0]
81072750[0389][0]
98574816[0391][0]
90632672[0392][0]
84936329[0393][0]
90804486[0394][0]
73665397[0395][0]
52223476[0397][0]
97147486[0400][0]
40694331[0401][0]
77552479[0402][0]
61653740[0403][0]
75934873[0405][0]
14524509[0406][0]
49954229[0407][0]
72597707[0408][0]
24153447[0410][0]
39813703[0411][0]
91343685[0412][0]
17507310[0413][0]
57343854[0414][0]
48276259[0415][0]
38682736[0418][0]
54316966[0419][0]
22076093[0421][0]
23576877[0422][0]
33245146[0423][0]
99341006[0424][0]
77552873[0425][0]
95703472[0427][0]
65093880[0428][0]
95634877[0430][0]
60444894[0431][0]
97948293[0432][0]
77310494[0433][0]
92451406[0434][0]
77895758[0436][0]
14668638[0437][0]
92353276[0438][0]
53446759[0440][0]
80780221[0441][0]
77612196[0442][0]
58116443[0444][0]
27039511[0445][0]
39190219[0446][0]
74243331[0448][0]
51848259[0449][0]
76161147[0450][0]
72379879[0451][0]
67624115[0452][0]
78085196[0453][0]
27334963[0454][0]
98176247[0455][0]
96626808[0460][0]
86488297[0461][0]
55155167[0463][0]
98847406[0464][0]
12504221[0465][0]
33091999[0466][0]
21955576[0467][0]
11281057[0468][0]
17590123[0469][0]
22768351[0470][0]
31008325[0471][0]
16565172[0472][0]
75055891[0474][0]
66116150[0475][0]
21683174[0479][0]
17505348[0480][0]
96096702[0481][0]
91758193[0483][0]
29093840[0484][0]
29466623[0485][0]
64092124[0486][0]
25370319[0487][0]
95704188[0488][0]
59511069[0489][0]
96680085[0490][0]
41643810[0491][0]
70427128[0492][0]
52192336[0493][0]
16920097[0494][0]
46562749[0495][0]
13116142[0496][0]
48143170[0497][0]
60944489[0498][0]
23157004[0499][0]
76608894[0500][0]
47415542[0501][0]
16011024[0502][0]
62178940[0503][0]
91962201[0504][0]
60342559[0505][0]
84567772[0506][0]
76644960[0507][0]
59880343[0508][0]
70069514[0509][0]
90893701[0510][0]
37906952[0511][0]
63939595[0512][0]
96086213[0513][0]
82642925[0514][0]
35749719[0515][0]
26569930[0516][0]
82448166[0517][0]
89805139[0518][0]
33332242[0519][0]
98511237[0521][0]
51371439[0522][0]
30999339[0523][0]
50276706[0524][0]
99594944[0525][0]
17748426[0526][0]
37175959[0527][0]
36680427[0528][0]
52438858[0529][0]
29642359[0530][0]
21615873[0531][0]
76195388[0532][0]
21205147[0535][0]
71470923[0536][0]
72452169[0538][0]
38595444[0540][0]
90306112[0541][0]
28878583[0543][0]
51375655[0544][0]
46438288[0545][0]
57281633[0546][0]
77076425[0547][0]
52370607[0548][0]
53130580[0549][0]
52583609[0550][0]
29077824[0551][0]
39719687[0552][0]
26743465[0553][0]
24879042[0554][0]
53072608[0555][0]
20238040[0556][0]
77050641[0557][0]
51689374[0558][0]
51166300[0559][0]
82249978[0560][0]
78920610[0561][0]
70329777[0563][0]
87050506[0564][0]
98070753[0565][0]
15317881[0566][0]
96786872[0567][0]
88061269[0568][0]
67764137[0569][0]
75520048[0570][0]
36171579[0571][0]
99208415[0572][0]
80480760[0573][0]
12598047[0575][0]
71156956[0576][0]
51684826[0577][0]
30845973[0579][0]
58060956[0580][0]
76389956[0581][0]
61277245[0582][0]
58187910[0583][0]
57289099[0584][0]
75530053[0585][0]
86603880[0586][0]
80525058[0587][0]
14400875[0588][0]
27610098[0589][0]
82898609[0590][0]
43279794[0591][0]
77415854[0592][0]
66240775[0593][0]
69251624[0594][0]
82646177[0595][0]
12472520[0596][0]
77898426[0597][0]
73526474[0599][0]
28288036[0601][0]
76593962[0602][0]
17099948[0603][0]
94693248[0604][0]
71187367[0605][0]
89675309[0606][0]
22905121[0608][0]
67178023[0609][0]
21267029[0610][0]
90317484[0611][0]
98695593[0612][0]
75889112[0613][0]
41129860[0614][0]
61295672[0615][0]
20672468[0618][0]
24756920[0619][0]
46607824[0622][0]
80204043[0623][0]
84959024[0624][0]
54926710[0625][0]
21058132[0626][0]
78295635[0627][0]
46670787[0630][0]
59059946[0631][0]
67088969[0632][0]
18872556[0635][0]
59547909[0636][0]
13092982[0637][0]
42914048[0638][0]
70622960[0641][0]
67652287[0642][0]
65538850[0643][0]
61547078[0644][0]
34580755[0645][0]
79129488[0646][0]
17553261[0647][0]
18287754[0648][0]
61342071[0649][0]
13045511[0650][0]
69678930[0651][0]
73762565[0654][0]
12799175[0655][0]
42253844[0656][0]
99997056[0657][0]
83429766[0658][0]
87443494[0659][0]
34412520[0660][0]
98377129[0661][0]
11974932[0662][0]
43831974[0663][0]
71973034[0664][0]
90690697[0665][0]
30081612[0666][0]
55132711[0667][0]
97965672[0668][0]
10981710[0669][0]
92285107[0670][0]
98960082[0671][0]
51299699[0672][0]
92765956[0673][0]
34976122[0674][0]
98339114[0676][0]
87826041[0677][0]
30276305[0678][0]
12500558[0679][0]
13971670[0680][0]
94604788[0681][0]
36783834[0682][0]
78393100[0683][0]
85831840[0684][0]
47382606[0685][0]
67908974[0686][0]
71181559[0687][0]
91588440[0688][0]
79450020[0689][0]
93423901[0690][0]
76644389[0691][0]
74785306[0692][0]
31307039[0693][0]
23897041[0694][0]
53852481[0695][0]
62101403[0697][0]
34013713[0698][0]
55834925[0699][0]
27167531[0700][0]
66735516[0701][0]
10046661[0702][0]
75321634[0703][0]
23251926[0704][0]
30056270[0705][0]
11123129[0706][0]
73381756[0707][0]
10040280[0708][0]
95938259[0709][0]
83980095[0710][0]
37912758[0711][0]
84601467[0712][0]
38308673[0713][0]
85872981[0714][0]
37826320[0715][0]
19630224[0716][0]
26820119[0717][0]
57630839[0718][0]
91522642[0719][0]
77744950[0720][0]
95313750[0721][0]
50167412[0722][0]
16963873[0723][0]
26702227[0724][0]
51769157[0725][0]
53428127[0726][0]
47654798[0727][0]
35880521[0728][0]
24078591[0729][0]
38282672[0730][0]
18321913[0731][0]
17798382[0732][0]
83427724[0733][0]
57552345[0734][0]
99248103[0735][0]
18354939[0736][0]
90031770[0737][0]
60554859[0738][0]
45737873[0739][0]
45474032[0740][0]
47983781[0741][0]
42921611[0743][0]
93229745[0745][0]
32164272[0746][0]
50145920[0747][0]
50824024[0748][0]
42590932[0749][0]
38985243[0751][0]
97027863[0754][0]
12602777[0755][0]
66769234[0757][0]
21106919[0758][0]
87773322[0759][0]
11748563[0760][0]
93371198[0761][0]
30517298[0762][0]
99946903[0763][0]
95583061[0764][0]
26885739[0766][0]
67344427[0767][0]
48980325[0768][0]
83489680[0769][0]
30337656[0770][0]
33378425[0772][0]
83897945[0773][0]
77594467[0774][0]
88521164[0775][0]
17690150[0776][0]
88500748[0777][0]
24632520[0778][0]
46372928[0779][0]
48469113[0780][0]
19357725[0781][0]
69701615[0782][0]
73964573[0783][0]
35622851[0784][0]
19289917[0785][0]
50254434[0786][0]
92034608[0787][0]
95374547[0788][0]
55506318[0789][0]
32762570[0791][0]
27522091[0792][0]
33669496[0793][0]
72266922[0794][0]
13392355[0795][0]
39290028[0796][0]
71184584[0798][0]
72100762[0799][0]
91641066[0800][0]
42663256[0801][0]
15370727[0802][0]
87520034[0803][0]
74697192[0804][0]
79894288[0805][0]
39641234[0806][0]
56176911[0807][0]
30157589[0808][0]
60542019[0809][0]
74681134[0811][0]
17079907[0812][0]
80478223[0813][0]
88585204[0814][0]
17493914[0815][0]
19573156[0816][0]
96469757[0817][0]
82738202[0818][0]
34831401[0819][0]
50780034[0820][0]
87907396[0821][0]
27572190[0823][0]
91517592[0824][0]
99658259[0825][0]
93334747[0826][0]
99793055[0827][0]
17198564[0828][0]
13516217[0829][0]
92190988[0830][0]
23881049[0831][0]
44777758[0832][0]
49129490[0833][0]
90412453[0835][0]
72293278[0836][0]
17154709[0837][0]
97254736[0838][0]
92414394[0840][0]
13594707[0841][0]
46294419[0842][0]
79955620[0844][0]
81651746[0845][0]
50085085[0846][0]
91534891[0848][0]
68193386[0849][0]
85056619[0851][0]
61380879[0852][0]
86900778[0853][0]
81221637[0854][0]
24040332[0855][0]
25979535[0856][0]
72343557[0857][0]
26276761[0858][0]
50137630[0859][0]
72005306[0861][0]
12196539[0862][0]
58121133[0863][0]
30722807[0864][0]
12417509[0865][0]
70402129[0867][0]
56474301[0868][0]
73438244[0869][0]
84522629[0870][0]
15944759[0871][0]
61469168[0873][0]
97052631[0875][0]
16731183[0876][0]
59830108[0877][0]
46315339[0878][0]
56930023[0879][0]
53937585[0881][0]
12600469[0882][0]
39898562[0883][0]
49539591[0884][0]
18055637[0885][0]
11227707[0886][0]
79978456[0887][0]
55473631[0888][0]
52772337[0889][0]
87142612[0890][0]
79471378[0892][0]
76751619[0893][0]
34200829[0895][0]
83221090[0896][0]
35268531[0897][0]
29834657[0898][0]
92438357[0899][0]
18119299[0900][0]
95506864[0901][0]
71651894[0902][0]
80089747[0903][0]
58941001[0904][0]
22493645[0905][0]
60973386[0906][0]
93175306[0908][0]
72200411[0909][0]
17097487[0910][0]
93468309[0911][0]
74658108[0912][0]
54726034[0914][0]
87773177[0915][0]
76883083[0916][0]
75574035[0917][0]
42480731[0918][0]
71974924[0919][0]
39115093[0922][0]
27581815[0923][0]
80931268[0924][0]
58642560[0925][0]
71720947[0926][0]
66339315[0927][0]
70639009[0928][0]
99879434[0929][0]
44398179[0930][0]
33807126[0932][0]
14911545[0933][0]
93090192[0935][0]
53958009[0936][0]
48304632[0937][0]
34834214[0938][0]
96478542[0940][0]
22827572[0941][0]
93099353[0942][0]
19335615[0943][0]
23665843[0944][0]
54183003[0946][0]
82563937[0947][0]
23532607[0948][0]
90315302[0949][0]
45492310[0951][0]
47829688[0952][0]
17063370[0953][0]
29421150[0955][0]
16922954[0956][0]
55381769[0957][0]
38921055[0958][0]
51593560[0959][0]
55306037[0961][0]
65526740[0962][0]
13600800[0963][0]
43355790[0964][0]
55860134[0967][0]
76359697[0968][0]
44840538[0969][0]
92299791[0970][0]
10971295[0971][0]
85999853[0972][0]
97488925[0973][0]
33062524[0974][0]
15884885[0975][0]
88176395[0976][0]
99120662[0977][0]
19629679[0978][0]
37047436[0979][0]
60069517[0980][0]
92456795[0981][0]
14559419[0982][0]
16767630[0983][0]
80041057[0984][0]
27487038[0985][0]
28785447[0986][0]
79308391[0987][0]
22411326[0988][0]
95853602[0989][0]
23602323[0990][0]
32549902[0992][0]
98419659[0993][0]
66365547[0994][0]
13179779[0996][0]
27509809[0997][0]
93526455[0998][0]
51035464[0999][0]
60627584[1000][0]
94132657[1001][0]
10265328[1003][0]
74536509[1006][0]
70714658[1007][0]
24164733[1008][0]
95464058[1009][0]
37410682[1010][0]
47269343[1012][0]
54896071[1013][0]
25023511[1014][0]
22014227[1015][0]
43229867[1018][0]
12509363[1019][0]
66051278[1021][0]
88348182[1022][0]
68886934[1023][0]
76124310[1024][0]
84879429[1025][0]
17428514[1027][0]
86160736[1028][0]
47957488[1030][0]
37686427[1031][0]
43879535[1032][0]
94703214[1033][0]
87768170[1034][0]
11356114[1035][0]
27597246[1036][0]
10192897[1037][0]
13236271[1038][0]
12827980[1039][0]
96964892[1040][0]
34999110[1041][0]
95977375[1042][0]
87700561[1043][0]
77915482[1044][0]
12851509[1046][0]
98661747[1047][0]
88709708[1048][0]
67096324[1049][0]
90891454[1051][0]
90984978[1052][0]
80246806[1054][0]
77423981[1055][0]
29896886[1056][0]
75255166[1057][0]
53166861[1058][0]
28137502[1059][0]
13126201[1060][0]
38186170[1061][0]
48508017[1063][0]
48397165[1064][0]
90569949[1067][0]
48650936[1068][0]
32521650[1069][0]
69167276[1070][0]
97886054[1071][0]
64446098[1072][0]
68923125[1073][0]
59546279[1074][0]
37481742[1075][0]
10871269[1076][0]
74861073[1077][0]
27466459[1078][0]
10561459[1079][0]
86544596[1080][0]
44724465[1081][0]
17902636[1082][0]
41336656[1083][0]
13380235[1084][0]
14576280[1085][0]
73541884[1086][0]
10772401[1087][0]
51649698[1088][0]
39307442[1089][0]
78673235[1091][0]
30741572[1093][0]
36321471[1094][0]
33134896[1095][0]
64936398[1097][0]
33209581[1098][0]
83520207[1099][0]
92970179[1100][0]
45343154[1101][0]
26003765[1102][0]
68636317[1103][0]
99387777[1106][0]
92699645[1107][0]
51854046[1108][0]
12327106[1109][0]
34424602[1110][0]
44531954[1111][0]
47146272[1112][0]
48563781[1113][0]
31114438[1114][0]
31288100[1115][0]
84106807[1116][0]
34126588[1117][0]
90412542[1118][0]
44934176[1119][0]
66798679[1122][0]
87298429[1123][0]
29742739[1124][0]
64298847[1125][0]
96540326[1126][0]
15064170[1127][0]
77267641[1128][0]
81664105[1129][0]
25733301[1132][0]
25615998[1134][0]
80268915[1135][0]
95460691[1136][0]
41521392[1137][0]
46471049[1138][0]
11932458[1141][0]
83616210[1142][0]
92424256[1143][0]
21657794[1144][0]
62876027[1145][0]
56696296[1146][0]
88766677[1147][0]
52189217[1148][0]
59296167[1149][0]
47632870[1151][0]
27903201[1154][0]
49004320[1155][0]
41936567[1156][0]
31461904[1157][0]
15198946[1159][0]
47121781[1160][0]
80322723[1161][0]
59927740[1162][0]
97315543[1163][0]
93647297[1164][0]
40767857[1165][0]
39483893[1166][0]
61529161[1167][0]
62435106[1168][0]
26158183[1169][0]
94635869[1172][0]
73849662[1173][0]
79276619[1174][0]
91274635[1175][0]
90157355[1176][0]
59476740[1177][0]
88566235[1178][0]
84018135[1179][0]
60802656[1180][0]
91306505[1181][0]
31657571[1183][0]
44578000[1184][0]
67065119[1186][0]
53538132[1187][0]
66422459[1188][0]
43335523[1189][0]
97499831[1190][0]
68151616[1191][0]
97541102[1192][0]
55777848[1193][0]
12300588[1195][0]
32968190[1196][0]
77367249[1197][0]
57271894[1199][0]
19070197[1200][0]
92430887[1201][0]
34604014[1202][0]
30619605[1203][0]
72980224[1204][0]
18441447[1205][0]
58068446[1206][0]
28696875[1207][0]
12477021[1208][0]
25591173[1209][0]
52139283[1210][0]
25117234[1212][0]
85999355[1213][0]
48382861[1214][0]
65768839[1215][0]
15209568[1216][0]
66312002[1217][0]
69355641[1218][0]
81077878[1219][0]
91229918[1220][0]
65719259[1221][0]
37331132[1222][0]
80114489[1223][0]
30342559[1224][0]
75836309[1225][0]
18303026[1226][0]
35795904[1227][0]
28180880[1228][0]
47166271[1229][0]
20418217[1230][0]
23705790[1231][0]
81871224[1232][0]
76753806[1234][0]
90236451[1235][0]
22460101[1236][0]
70222609[1237][0]
24545713[1238][0]
72894529[1239][0]
33239823[1240][0]
64297747[1241][0]
76602640[1242][0]
38670416[1243][0]
22063757[1244][0]
85514940[1245][0]
91825214[1246][0]
10782159[1247][0]
52174171[1249][0]
54785882[1250][0]
70063666[1251][0]
43172398[1252][0]
15095270[1253][0]
38535576[1254][0]
71185717[1256][0]
15168010[1257][0]
88898287[1258][0]
69074946[1260][0]
63447850[1261][0]
34210935[1263][0]
65395130[1264][0]
43520347[1266][0]
65344847[1268][0]
86320468[1269][0]
18911004[1270][0]
28648106[1271][0]
84214296[1273][0]
41329499[1275][0]
52288277[1276][0]
14189687[1277][0]
78938717[1278][0]
68393325[1279][0]
88402943[1280][0]
47329653[1281][0]
23036149[1282][0]
69922469[1283][0]
62169391[1284][0]
32727021[1285][0]
23115641[1286][0]
78466875[1287][0]
41288587[1288][0]
40870744[1289][0]
95290893[1290][0]
21648565[1291][0]
87000896[1292][0]
31295448[1293][0]
41509302[1294][0]
44840913[1297][0]
23874472[1299][0]
25959503[1300][0]
88912266[1301][0]
10947036[1302][0]
76346146[1303][0]
95317646[1304][0]
19484241[1305][0]
94021274[1306][0]
17544309[1307][0]
20296669[1308][0]
91825879[1309][0]
60162842[1310][0]
93977935[1312][0]
70186847[1314][0]
71350465[1315][0]
80199671[1316][0]
12567684[1318][0]
59110766[1319][0]
26599907[1320][0]
16232711[1322][0]
91774787[1323][0]
87709697[1324][0]
46449490[1325][0]
76528951[1326][0]
81399977[1327][0]
41562897[1328][0]
16281341[1329][0]
95727652[1330][0]
89410755[1332][0]
95955616[1335][0]
28273266[1336][0]
78708824[1337][0]
99348599[1338][0]
27416917[1340][0]
32143381[1341][0]
34476674[1342][0]
28014150[1345][0]
44064310[1348][0]
96344813[1349][0]
52663105[1351][0]
94401924[1352][0]
48598185[1353][0]
22849502[1354][0]
99694142[1356][0]
44454394[1357][0]
95769981[1358][0]
63779326[1359][0]
78165577[1361][0]
12888619[1362][0]
39747692[1363][0]
52560921[1364][0]
94505641[1365][0]
31215383[1367][0]
99234337[1368][0]
39161562[1369][0]
85588546[1370][0]
17088639[1371][0]
60198274[1372][0]
15923618[1373][0]
25066918[1374][0]
75504767[1375][0]
24532426[1376][0]
67985640[1377][0]
68673878[1378][0]
29776963[1381][0]
25084437[1382][0]
93043940[1383][0]
58654003[1387][0]
36727943[1388][0]
57630840[1389][0]
29140750[1390][0]
91278621[1391][0]
73768573[1392][0]
36219210[1394][0]
28725705[1395][0]
32351834[1396][0]
37599566[1397][0]
50231333[1398][0]
71931455[1399][0]
97826477[1400][0]
29013635[1401][0]
60362114[1402][0]
46129719[1403][0]
89781692[1404][0]
53765029[1405][0]
87719484[1407][0]
63639816[1409][0]
98864846[1410][0]
82233763[1412][0]
69428647[1414][0]
71775684[1415][0]
73117036[1416][0]
40560232[1417][0]
37072941[1418][0]
19153724[1419][0]
83070358[1420][0]
87688236[1422][0]
24956995[1423][0]
92067216[1424][0]
43554767[1425][0]
47595741[1426][0]
31770523[1427][0]
99531837[1428][0]
53054083[1429][0]
68325472[1430][0]
77856755[1431][0]
96375597[1432][0]
77251865[1433][0]
69745777[1434][0]
56873326[1435][0]
98299176[1436][0]
72021139[1438][0]
20647543[1439][0]
12988103[1440][0]
26679474[1441][0]
60306393[1442][0]
83250530[1443][0]
58373532[1444][0]
65067029[1445][0]
71188123[1446][0]
67476434[1447][0]
73163343[1448][0]
75834030[1449][0]
16303503[1450][0]
18964183[1451][0]
50154221[1452][0]
72618377[1453][0]
10025978[1454][0]
16900002[1455][0]
26188504[1456][0]
37131621[1457][0]
95667516[1458][0]
35436829[1459][0]
54451389[1460][0]
72232859[1461][0]
10967260[1463][0]
41215270[1465][0]
98507510[1466][0]
53577945[1467][0]
13745156[1469][0]
32526698[1471][0]
62107593[1472][0]
44266803[1473][0]
39404878[1474][0]
31441756[1475][0]
76424714[1476][0]
55734987[1477][0]
17536177[1478][0]
17971571[1479][0]
40891319[1480][0]
52775745[1481][0]
90517985[1482][0]
22811845[1483][0]
69313914[1484][0]
37034951[1485][0]
78904861[1486][0]
26501059[1487][0]
46740683[1488][0]
12483170[1490][0]
60595945[1491][0]
14206175[1492][0]
53110126[1493][0]
65532009[1494][0]
11107361[1495][0]
53242119[1496][0]
18313649[1497][0]
74134274[1501][0]
93557904[1504][0]
28360603[1506][0]
41735336[1507][0]
38262157[1508][0]
16538512[1509][0]
30258493[1510][0]
96694320[1511][0]
90837206[1514][0]
91198185[1515][0]
57811669[1516][0]
57772326[1517][0]
80550853[1519][0]
60346299[1520][0]
79017867[1523][0]
74434317[1524][0]
32076481[1526][0]
16968899[1527][0]
40159212[1528][0]
18642924[1529][0]
29116056[1530][0]
38420578[1531][0]
26724709[1532][0]
17809365[1533][0]
51772891[1534][0]
30149214[1535][0]
92018697[1536][0]
97000937[1537][0]
83091077[1539][0]
45407668[1540][0]
87335455[1541][0]
72043755[1542][0]
54748354[1544][0]
64774437[1545][0]
72521829[1546][0]
30193794[1549][0]
19154281[1550][0]
46299147[1551][0]
97059574[1552][0]
17935306[1553][0]
29701322[1555][0]
66394273[1556][0]
55174506[1559][0]
48188428[1561][0]
77228856[1562][0]
65954177[1563][0]
10962999[1564][0]
41797944[1565][0]
46297110[1566][0]
96403069[1567][0]
28511559[1568][0]
58756989[1569][0]
89298961[1570][0]
90689863[1571][0]
13998140[1572][0]
13729697[1573][0]
12947508[1577][0]
63024700[1578][0]
95855339[1580][0]
48452949[1582][0]
90347767[1583][0]
47569439[1584][0]
89356344[1585][0]
91182677[1586][0]
33965610[1587][0]
71702305[1588][0]
38811987[1589][0]
76491782[1590][0]
31004225[1591][0]
40925646[1592][0]
96191001[1593][0]
73415400[1596][0]
46406098[1597][0]
56986194[1598][0]
87504208[1600][0]
41463373[1602][0]
54542469[1603][0]
80076794[1604][0]
44758013[1605][0]
39266017[1608][0]
44132544[1609][0]
62415291[1613][0]
38523921[1615][0]
71578679[1617][0]
92743351[1618][0]
59660814[1619][0]
58623755[1620][0]
38174856[1621][0]
41333403[1622][0]
60930053[1625][0]
79132797[1626][0]
89715966[1627][0]
84223512[1628][0]
77020754[1629][0]
33840710[1630][0]
88372058[1631][0]
52163731[1632][0]
50333492[1633][0]
16055327[1635][0]
55195653[1639][0]
26615655[1640][0]
45250347[1641][0]
78793212[1642][0]
51553060[1643][0]
66746262[1645][0]
99272739[1646][0]
15832916[1647][0]
38953001[1649][0]
62494122[1650][0]
14241795[1651][0]
36758785[1652][0]
88959956[1653][0]
17134239[1654][0]
42968615[1655][0]
71073735[1656][0]
91044037[1657][0]
61275934[1658][0]
64254128[1660][0]
95122443[1662][0]
14892477[1663][0]
54048053[1664][0]
64593197[1665][0]
98558639[1666][0]
96568823[1667][0]
89232635[1668][0]
23201803[1669][0]
78962569[1670][0]
40350521[1671][0]
14256409[1672][0]
32728675[1673][0]
86134339[1674][0]
45877387[1675][0]
85344190[1676][0]
50806137[1677][0]
75989743[1678][0]
61042274[1679][0]
15393707[1680][0]
52700696[1681][0]
63799829[1683][0]
90749898[1684][0]
48363676[1685][0]
17681884[1687][0]
40529343[1688][0]
49654500[1689][0]
12396498[1690][0]
74576801[1691][0]
84126206[1692][0]
55519812[1693][0]
10102823[1694][0]
27164722[1695][0]
40039602[1696][0]
88482908[1697][0]
31127514[1698][0]
30629418[1699][0]
62238916[1700][0]
39214505[1701][0]
51157804[1702][0]
96987790[1703][0]
57615601[1704][0]
76501807[1705][0]
61717563[1706][0]
25609636[1707][0]
86519255[1708][0]
93677841[1709][0]
97547120[1710][0]
80809659[1711][0]
93122449[1712][0]
70090806[1713][0]
18479267[1714][0]
33408456[1715][0]
81334188[1716][0]
65449310[1717][0]
83037898[1718][0]
91129223[1719][0]
42378179[1720][0]
34078231[1721][0]
51741816[1722][0]
46626582[1723][0]
77533269[1724][0]
42000849[1725][0]
85667601[1728][0]
22274741[1729][0]
16094155[1730][0]
15513941[1732][0]
29408011[1733][0]
88807935[1734][0]
31243970[1735][0]
70687902[1736][0]
10211516[1737][0]
31955222[1738][0]
83789332[1739][0]
36612439[1742][0]
11214435[1743][0]
60697742[1744][0]
72230403[1746][0]
18271408[1747][0]
79264805[1748][0]
45742151[1749][0]
20393539[1750][0]
19012982[1751][0]
10487997[1753][0]
44688560[1754][0]
48432971[1755][0]
25575777[1756][0]
83342337[1757][0]
77400678[1758][0]
70704732[1759][0]
39169575[1760][0]
37954115[1761][0]
19653437[1762][0]
28789430[1763][0]
67741002[1764][0]
71050378[1765][0]
21538476[1766][0]
58767767[1767][0]
83339319[1768][0]
14512195[1770][0]
49991907[1771][0]
92050551[1772][0]
83441906[1774][0]
24204043[1775][0]
82134124[1776][0]
62925963[1778][0]
61712872[1780][0]
31668229[1781][0]
35348155[1782][0]
93229752[1783][0]
30097593[1784][0]
97398028[1785][0]
90231800[1787][0]
67934111[1788][0]
86357707[1790][0]
91844755[1791][0]
20144355[1792][0]
24298175[1793][0]
19113271[1794][0]
95175639[1796][0]
71375934[1797][0]
54197764[1798][0]
68578122[1799][0]
69210665[1800][0]
30474676[1801][0]
35830755[1802][0]
32035072[1803][0]
69804627[1804][0]
24708222[1805][0]
16295933[1807][0]
61025330[1808][0]
26895196[1809][0]
19060420[1810][0]
88789068[1811][0]
87811810[1812][0]
90410285[1813][0]
66872137[1814][0]
44067067[1815][0]
71065778[1817][0]
37373594[1818][0]
71529257[1819][0]
19350984[1820][0]
88725847[1822][0]
31315939[1823][0]
27660352[1824][0]
94197992[1825][0]
33270377[1826][0]
37262072[1827][0]
65155139[1828][0]
82476024[1829][0]
93064209[1830][0]
95503632[1831][0]
63713598[1832][0]
19325746[1834][0]
48666959[1835][0]
35690252[1837][0]
12259052[1838][0]
48098472[1840][0]
42926363[1841][0]
60140667[1843][0]
29695471[1844][0]
67089105[1845][0]
39394076[1848][0]
42807858[1849][0]
77508010[1850][0]
48005606[1851][0]
15458315[1852][0]
80066167[1854][0]
92287144[1855][0]
73986094[1856][0]
46213478[1857][0]
71844634[1858][0]
21347501[1859][0]
73690772[1860][0]
36083595[1862][0]
27550757[1863][0]
61768498[1865][0]
42516412[1866][0]
30859976[1869][0]
57221866[1871][0]
57515745[1873][0]
53342146[1874][0]
36635907[1875][0]
18062292[1876][0]
12188809[1877][0]
66799227[1878][0]
69964276[1879][0]
13255902[1880][0]
57111591[1881][0]
60316715[1883][0]
17576985[1884][0]
96424995[1885][0]
73590664[1886][0]
32800058[1887][0]
64658912[1888][0]
31586255[1890][0]
76435429[1891][0]
20662694[1892][0]
13956350[1893][0]
76235478[1894][0]
65249978[1896][0]
12614127[1898][0]
47867222[1900][0]
29158031[1903][0]
92588953[1906][0]
67712371[1907][0]
66043292[1908][0]
60338766[1909][0]
65810366[1910][0]
74835893[1912][0]
69725623[1913][0]
35550221[1914][0]
35520759[1915][0]
82283396[1916][0]
69752478[1918][0]
12836068[1919][0]
40152177[1922][0]
36469735[1923][0]
89145164[1924][0]
45028542[1925][0]
24830754[1927][0]
17030725[1928][0]
65029350[1930][0]
88631266[1931][0]
63601717[1932][0]
42827664[1933][0]
90967078[1934][0]
82602531[1935][0]
76224481[1936][0]
94066750[1937][0]
69832127[1938][0]
52562942[1940][0]
96131315[1941][0]
81135811[1942][0]
51256354[1943][0]
55886871[1944][0]
32224324[1946][0]
39455545[1947][0]
55176324[1948][0]
36746336[1950][0]
58129622[1951][0]
83948005[1952][0]
69722761[1953][0]
40501956[1954][0]
34771125[1955][0]
86444252[1956][0]
72300231[1958][0]
38580168[1959][0]
10652877[1960][0]
36781343[1961][0]
85279222[1962][0]
12060434[1963][0]
71298240[1964][0]
25108463[1966][0]
16009331[1967][0]
47240362[1969][0]
78098263[1970][0]
30129591[1971][0]
59605978[1972][0]
80309878[1975][0]
34225985[1976][0]
57469522[1977][0]
72910222[1978][0]
72450492[1979][0]
25982709[1980][0]
58917744[1981][0]
25634055[1982][0]
16879426[1984][0]
97135350[1986][0]
99035898[1987][0]
15131466[1988][0]
75273324[1989][0]
21903888[1990][0]
30808036[1991][0]
49790188[1992][0]
64909150[1993][0]
10845892[1994][0]
71241192[1995][0]
72929362[1996][0]
30309562[1997][0]
35634680[1998][0]
45386752[1999][0]
