抽奖号码如下：
80231828[0000]
95113871[0001]
42505059[0002]
16565815[0003]
74479937[0004]
69156386[0005]
35321258[0006]
53006034[0007]
33589956[0008]
22905046[0009]
68204567[0010]
22331104[0011]
28934521[0012]
24282242[0013]
65615082[0014]
43572076[0015]
46922003[0016]
84437430[0017]
30785371[0018]
69905965[0019]
43682370[0020]
55652626[0021]
46712353[0022]
19127477[0023]
42046379[0024]
93399661[0025]
86914438[0026]
64842634[0027]
66492037[0028]
94223440[0029]
45980301[0030]
76630328[0031]
35444175[0032]
99620545[0033]
24307594[0034]
83338499[0035]
28247637[0036]
29073635[0037]
63227286[0038]
92624105[0039]
82506446[0040]
88664804[0041]
12178205[0042]
77364073[0043]
37447428[0044]
52819436[0045]
43681980[0046]
67243204[0047]
13430915[0048]
21007657[0049]
83868673[0050]
81602646[0051]
49558100[0052]
50334550[0053]
57328697[0054]
21605236[0055]
65899639[0056]
52226056[0057]
70891565[0058]
38358095[0059]
74289774[0060]
44920580[0061]
71170200[0062]
72394819[0063]
24140816[0064]
19522204[0065]
64263614[0066]
35327576[0067]
82380575[0068]
65420746[0069]
25681692[0070]
70140822[0071]
57058661[0072]
40735169[0073]
18156482[0074]
21125436[0075]
59372786[0076]
28187503[0077]
51331970[0078]
51594377[0079]
88674353[0080]
63882005[0081]
35931593[0082]
97518462[0083]
86731950[0084]
38174770[0085]
19546241[0086]
91086516[0087]
85794260[0088]
53859857[0089]
31504438[0090]
18365061[0091]
45807497[0092]
32653958[0093]
66256752[0094]
54095523[0095]
19945331[0096]
16949582[0097]
60363676[0098]
19154349[0099]
33794624[0100]
98502193[0101]
49361656[0102]
55807058[0103]
29566709[0104]
69951282[0105]
42551859[0106]
46027607[0107]
40519006[0108]
93044010[0109]
99595455[0110]
36640870[0111]
93691296[0112]
41553942[0113]
73326935[0114]
49613184[0115]
86646824[0116]
49463548[0117]
78796477[0118]
22431092[0119]
65153537[0120]
43487458[0121]
78175283[0122]
27415317[0123]
34142160[0124]
30104600[0125]
13210798[0126]
78016899[0127]
71399056[0128]
32793478[0129]
50176643[0130]
39077645[0131]
15055677[0132]
42747281[0133]
27547707[0134]
70948379[0135]
79479957[0136]
91848944[0137]
22781696[0138]
81741822[0139]
27999686[0140]
21065832[0141]
26547340[0142]
43759611[0143]
58592709[0144]
17915061[0145]
66054077[0146]
61838635[0147]
22990255[0148]
81799685[0149]
40976508[0150]
33528768[0151]
32137253[0152]
52530020[0153]
10075683[0154]
45364886[0155]
30505539[0156]
77446235[0157]
92442224[0158]
68466673[0159]
46875891[0160]
50348123[0161]
21459089[0162]
10082373[0163]
97025782[0164]
73512436[0165]
38846191[0166]
62528421[0167]
76421558[0168]
34111586[0169]
79149424[0170]
86864941[0171]
79733413[0172]
52647143[0173]
16955604[0174]
22259908[0175]
90228889[0176]
65444239[0177]
32163546[0178]
56344442[0179]
32398949[0180]
40719954[0181]
18513860[0182]
80455831[0183]
11929431[0184]
86332704[0185]
55455927[0186]
92069770[0187]
63134209[0188]
28167398[0189]
89906582[0190]
49055221[0191]
72373467[0192]
83389403[0193]
26917072[0194]
94732299[0195]
54630952[0196]
72778781[0197]
87714793[0198]
22389304[0199]
31165717[0200]
71990563[0201]
14772858[0202]
49445309[0203]
65990474[0204]
79364620[0205]
71409557[0206]
35010074[0207]
68701502[0208]
38687436[0209]
89301782[0210]
47829351[0211]
75678517[0212]
44323607[0213]
26043805[0214]
79350453[0215]
86000007[0216]
91391862[0217]
38976695[0218]
23575887[0219]
10071355[0220]
37290540[0221]
90866187[0222]
54761200[0223]
48454164[0224]
18645639[0225]
56996646[0226]
85365850[0227]
65173143[0228]
88654332[0229]
60963652[0230]
69043710[0231]
91577855[0232]
39946481[0233]
16496642[0234]
26698790[0235]
40110806[0236]
29119354[0237]
53994025[0238]
93908886[0239]
56895453[0240]
91834936[0241]
16751388[0242]
62669278[0243]
21499291[0244]
17545704[0245]
67237721[0246]
12588854[0247]
99630438[0248]
74003368[0249]
82848997[0250]
77917362[0251]
10303150[0252]
21810969[0253]
11863902[0254]
77687960[0255]
62370045[0256]
38691729[0257]
10318422[0258]
41103833[0259]
89923687[0260]
96660022[0261]
35029430[0262]
86341245[0263]
96802058[0264]
51831611[0265]
23118903[0266]
18646507[0267]
29196962[0268]
25998475[0269]
59574689[0270]
20425144[0271]
52630978[0272]
74928650[0273]
73441510[0274]
80392423[0275]
45297714[0276]
72084044[0277]
49835472[0278]
64093900[0279]
35610014[0280]
79539122[0281]
97288174[0282]
72295953[0283]
49369614[0284]
26934530[0285]
84984455[0286]
93165598[0287]
65905892[0288]
95286445[0289]
31042919[0290]
71107788[0291]
84783862[0292]
76209658[0293]
42298582[0294]
90469730[0295]
69478101[0296]
53259714[0297]
78557760[0298]
70270081[0299]
87469208[0300]
53537626[0301]
37260070[0302]
80187566[0303]
54733442[0304]
92610161[0305]
94344844[0306]
93230704[0307]
16253016[0308]
17637058[0309]
20320172[0310]
48778455[0311]
34143318[0312]
94234445[0313]
66988916[0314]
64196419[0315]
52745704[0316]
15594525[0317]
46440107[0318]
82157874[0319]
39516313[0320]
49542529[0321]
73712612[0322]
99110449[0323]
34361610[0324]
88479264[0325]
18886664[0326]
24073039[0327]
61122403[0328]
30458862[0329]
47778893[0330]
46122832[0331]
33416472[0332]
63304402[0333]
74010188[0334]
40015880[0335]
53151180[0336]
51095848[0337]
50729910[0338]
44440480[0339]
79968615[0340]
55616146[0341]
66742902[0342]
71334057[0343]
86474876[0344]
25724980[0345]
56717055[0346]
82697027[0347]
26686327[0348]
35505587[0349]
56751804[0350]
47630754[0351]
32509512[0352]
92803960[0353]
25145033[0354]
11969083[0355]
74617866[0356]
22891420[0357]
21732107[0358]
86404333[0359]
22332435[0360]
34009160[0361]
40184442[0362]
11336686[0363]
72767677[0364]
22292266[0365]
84349572[0366]
41590373[0367]
32932554[0368]
81499784[0369]
60265819[0370]
82975869[0371]
46504757[0372]
72002855[0373]
28166906[0374]
62084596[0375]
32110464[0376]
71539652[0377]
89733999[0378]
96499327[0379]
62357666[0380]
97551076[0381]
35396635[0382]
20188740[0383]
17151327[0384]
61819667[0385]
84149515[0386]
86081599[0387]
93815722[0388]
81072750[0389]
69245551[0390]
98574816[0391]
90632672[0392]
84936329[0393]
90804486[0394]
73665397[0395]
90497040[0396]
52223476[0397]
66221595[0398]
97344693[0399]
97147486[0400]
40694331[0401]
77552479[0402]
61653740[0403]
47476920[0404]
75934873[0405]
14524509[0406]
49954229[0407]
72597707[0408]
12457292[0409]
24153447[0410]
39813703[0411]
91343685[0412]
17507310[0413]
57343854[0414]
48276259[0415]
91480448[0416]
59573633[0417]
38682736[0418]
54316966[0419]
92466224[0420]
22076093[0421]
23576877[0422]
33245146[0423]
99341006[0424]
77552873[0425]
70373158[0426]
95703472[0427]
65093880[0428]
74914377[0429]
95634877[0430]
60444894[0431]
97948293[0432]
77310494[0433]
92451406[0434]
28122422[0435]
77895758[0436]
14668638[0437]
92353276[0438]
96520286[0439]
53446759[0440]
80780221[0441]
77612196[0442]
15346433[0443]
58116443[0444]
27039511[0445]
39190219[0446]
44017677[0447]
74243331[0448]
51848259[0449]
76161147[0450]
72379879[0451]
67624115[0452]
78085196[0453]
27334963[0454]
98176247[0455]
50436842[0456]
45976511[0457]
94716955[0458]
50210188[0459]
96626808[0460]
86488297[0461]
18570313[0462]
55155167[0463]
98847406[0464]
12504221[0465]
33091999[0466]
21955576[0467]
11281057[0468]
17590123[0469]
22768351[0470]
31008325[0471]
16565172[0472]
64970864[0473]
75055891[0474]
66116150[0475]
72857019[0476]
47773539[0477]
82966257[0478]
21683174[0479]
17505348[0480]
96096702[0481]
30063630[0482]
91758193[0483]
29093840[0484]
29466623[0485]
64092124[0486]
25370319[0487]
95704188[0488]
59511069[0489]
96680085[0490]
41643810[0491]
70427128[0492]
52192336[0493]
16920097[0494]
46562749[0495]
13116142[0496]
48143170[0497]
60944489[0498]
23157004[0499]
76608894[0500]
47415542[0501]
16011024[0502]
62178940[0503]
91962201[0504]
60342559[0505]
84567772[0506]
76644960[0507]
59880343[0508]
70069514[0509]
90893701[0510]
37906952[0511]
63939595[0512]
96086213[0513]
82642925[0514]
35749719[0515]
26569930[0516]
82448166[0517]
89805139[0518]
33332242[0519]
83297088[0520]
98511237[0521]
51371439[0522]
30999339[0523]
50276706[0524]
99594944[0525]
17748426[0526]
37175959[0527]
36680427[0528]
52438858[0529]
29642359[0530]
21615873[0531]
76195388[0532]
75202757[0533]
38989097[0534]
21205147[0535]
71470923[0536]
41372541[0537]
72452169[0538]
17189896[0539]
38595444[0540]
90306112[0541]
32998938[0542]
28878583[0543]
51375655[0544]
46438288[0545]
57281633[0546]
77076425[0547]
52370607[0548]
53130580[0549]
52583609[0550]
29077824[0551]
39719687[0552]
26743465[0553]
24879042[0554]
53072608[0555]
20238040[0556]
77050641[0557]
51689374[0558]
51166300[0559]
82249978[0560]
78920610[0561]
17926727[0562]
70329777[0563]
87050506[0564]
98070753[0565]
15317881[0566]
96786872[0567]
88061269[0568]
67764137[0569]
75520048[0570]
36171579[0571]
99208415[0572]
80480760[0573]
32394287[0574]
12598047[0575]
71156956[0576]
51684826[0577]
87116226[0578]
30845973[0579]
58060956[0580]
76389956[0581]
61277245[0582]
58187910[0583]
57289099[0584]
75530053[0585]
86603880[0586]
80525058[0587]
14400875[0588]
27610098[0589]
82898609[0590]
43279794[0591]
77415854[0592]
66240775[0593]
69251624[0594]
82646177[0595]
12472520[0596]
77898426[0597]
89391974[0598]
73526474[0599]
45839966[0600]
28288036[0601]
76593962[0602]
17099948[0603]
94693248[0604]
71187367[0605]
89675309[0606]
29899241[0607]
22905121[0608]
67178023[0609]
21267029[0610]
90317484[0611]
98695593[0612]
75889112[0613]
41129860[0614]
61295672[0615]
96883208[0616]
57465987[0617]
20672468[0618]
24756920[0619]
41699269[0620]
51730347[0621]
46607824[0622]
80204043[0623]
84959024[0624]
54926710[0625]
21058132[0626]
78295635[0627]
20299663[0628]
29671717[0629]
46670787[0630]
59059946[0631]
67088969[0632]
22508950[0633]
21155271[0634]
18872556[0635]
59547909[0636]
13092982[0637]
42914048[0638]
52237512[0639]
24811102[0640]
70622960[0641]
67652287[0642]
65538850[0643]
61547078[0644]
34580755[0645]
79129488[0646]
17553261[0647]
18287754[0648]
61342071[0649]
13045511[0650]
69678930[0651]
91235971[0652]
76481397[0653]
73762565[0654]
12799175[0655]
42253844[0656]
99997056[0657]
83429766[0658]
87443494[0659]
34412520[0660]
98377129[0661]
11974932[0662]
43831974[0663]
71973034[0664]
90690697[0665]
30081612[0666]
55132711[0667]
97965672[0668]
10981710[0669]
92285107[0670]
98960082[0671]
51299699[0672]
92765956[0673]
34976122[0674]
37258674[0675]
98339114[0676]
87826041[0677]
30276305[0678]
12500558[0679]
13971670[0680]
94604788[0681]
36783834[0682]
78393100[0683]
85831840[0684]
47382606[0685]
67908974[0686]
71181559[0687]
91588440[0688]
79450020[0689]
93423901[0690]
76644389[0691]
74785306[0692]
31307039[0693]
23897041[0694]
53852481[0695]
95745512[0696]
62101403[0697]
34013713[0698]
55834925[0699]
27167531[0700]
66735516[0701]
10046661[0702]
75321634[0703]
23251926[0704]
30056270[0705]
11123129[0706]
73381756[0707]
10040280[0708]
95938259[0709]
83980095[0710]
37912758[0711]
84601467[0712]
38308673[0713]
85872981[0714]
37826320[0715]
19630224[0716]
26820119[0717]
57630839[0718]
91522642[0719]
77744950[0720]
95313750[0721]
50167412[0722]
16963873[0723]
26702227[0724]
51769157[0725]
53428127[0726]
47654798[0727]
35880521[0728]
24078591[0729]
38282672[0730]
18321913[0731]
17798382[0732]
83427724[0733]
57552345[0734]
99248103[0735]
18354939[0736]
90031770[0737]
60554859[0738]
45737873[0739]
45474032[0740]
47983781[0741]
21401432[0742]
42921611[0743]
42758678[0744]
93229745[0745]
32164272[0746]
50145920[0747]
50824024[0748]
42590932[0749]
72602769[0750]
38985243[0751]
80443927[0752]
75279743[0753]
97027863[0754]
12602777[0755]
93736369[0756]
66769234[0757]
21106919[0758]
87773322[0759]
11748563[0760]
93371198[0761]
30517298[0762]
99946903[0763]
95583061[0764]
83250252[0765]
26885739[0766]
67344427[0767]
48980325[0768]
83489680[0769]
30337656[0770]
14039463[0771]
33378425[0772]
83897945[0773]
77594467[0774]
88521164[0775]
17690150[0776]
88500748[0777]
24632520[0778]
46372928[0779]
48469113[0780]
19357725[0781]
69701615[0782]
73964573[0783]
35622851[0784]
19289917[0785]
50254434[0786]
92034608[0787]
95374547[0788]
55506318[0789]
63502971[0790]
32762570[0791]
27522091[0792]
33669496[0793]
72266922[0794]
13392355[0795]
39290028[0796]
31657568[0797]
71184584[0798]
72100762[0799]
91641066[0800]
42663256[0801]
15370727[0802]
87520034[0803]
74697192[0804]
79894288[0805]
39641234[0806]
56176911[0807]
30157589[0808]
60542019[0809]
36281034[0810]
74681134[0811]
17079907[0812]
80478223[0813]
88585204[0814]
17493914[0815]
19573156[0816]
96469757[0817]
82738202[0818]
34831401[0819]
50780034[0820]
87907396[0821]
80638914[0822]
27572190[0823]
91517592[0824]
99658259[0825]
93334747[0826]
99793055[0827]
17198564[0828]
13516217[0829]
92190988[0830]
23881049[0831]
44777758[0832]
49129490[0833]
32257132[0834]
90412453[0835]
72293278[0836]
17154709[0837]
97254736[0838]
62403600[0839]
92414394[0840]
13594707[0841]
46294419[0842]
11863479[0843]
79955620[0844]
81651746[0845]
50085085[0846]
65681910[0847]
91534891[0848]
68193386[0849]
25379201[0850]
85056619[0851]
61380879[0852]
86900778[0853]
81221637[0854]
24040332[0855]
25979535[0856]
72343557[0857]
26276761[0858]
50137630[0859]
19344076[0860]
72005306[0861]
12196539[0862]
58121133[0863]
30722807[0864]
12417509[0865]
38741382[0866]
70402129[0867]
56474301[0868]
73438244[0869]
84522629[0870]
15944759[0871]
89936181[0872]
61469168[0873]
33318651[0874]
97052631[0875]
16731183[0876]
59830108[0877]
46315339[0878]
56930023[0879]
64091695[0880]
53937585[0881]
12600469[0882]
39898562[0883]
49539591[0884]
18055637[0885]
11227707[0886]
79978456[0887]
55473631[0888]
52772337[0889]
87142612[0890]
81828046[0891]
79471378[0892]
76751619[0893]
54401937[0894]
34200829[0895]
83221090[0896]
35268531[0897]
29834657[0898]
92438357[0899]
18119299[0900]
95506864[0901]
71651894[0902]
80089747[0903]
58941001[0904]
22493645[0905]
60973386[0906]
24861167[0907]
93175306[0908]
72200411[0909]
17097487[0910]
93468309[0911]
74658108[0912]
70553928[0913]
54726034[0914]
87773177[0915]
76883083[0916]
75574035[0917]
42480731[0918]
71974924[0919]
69399605[0920]
47010000[0921]
39115093[0922]
27581815[0923]
80931268[0924]
58642560[0925]
71720947[0926]
66339315[0927]
70639009[0928]
99879434[0929]
44398179[0930]
68732771[0931]
33807126[0932]
14911545[0933]
54686442[0934]
93090192[0935]
53958009[0936]
48304632[0937]
34834214[0938]
45740142[0939]
96478542[0940]
22827572[0941]
93099353[0942]
19335615[0943]
23665843[0944]
70571438[0945]
54183003[0946]
82563937[0947]
23532607[0948]
90315302[0949]
92360334[0950]
45492310[0951]
47829688[0952]
17063370[0953]
11749204[0954]
29421150[0955]
16922954[0956]
55381769[0957]
38921055[0958]
51593560[0959]
43388926[0960]
55306037[0961]
65526740[0962]
13600800[0963]
43355790[0964]
24330368[0965]
20045301[0966]
55860134[0967]
76359697[0968]
44840538[0969]
92299791[0970]
10971295[0971]
85999853[0972]
97488925[0973]
33062524[0974]
15884885[0975]
88176395[0976]
99120662[0977]
19629679[0978]
37047436[0979]
60069517[0980]
92456795[0981]
14559419[0982]
16767630[0983]
80041057[0984]
27487038[0985]
28785447[0986]
79308391[0987]
22411326[0988]
95853602[0989]
23602323[0990]
46811097[0991]
32549902[0992]
98419659[0993]
66365547[0994]
26344910[0995]
13179779[0996]
27509809[0997]
93526455[0998]
51035464[0999]
60627584[1000]
94132657[1001]
71402041[1002]
10265328[1003]
95108171[1004]
95113581[1005]
74536509[1006]
70714658[1007]
24164733[1008]
95464058[1009]
37410682[1010]
82531638[1011]
47269343[1012]
54896071[1013]
25023511[1014]
22014227[1015]
24325590[1016]
72275556[1017]
43229867[1018]
12509363[1019]
43056474[1020]
66051278[1021]
88348182[1022]
68886934[1023]
76124310[1024]
84879429[1025]
89963507[1026]
17428514[1027]
86160736[1028]
60622860[1029]
47957488[1030]
37686427[1031]
43879535[1032]
94703214[1033]
87768170[1034]
11356114[1035]
27597246[1036]
10192897[1037]
13236271[1038]
12827980[1039]
96964892[1040]
34999110[1041]
95977375[1042]
87700561[1043]
77915482[1044]
36382419[1045]
12851509[1046]
98661747[1047]
88709708[1048]
67096324[1049]
28362889[1050]
90891454[1051]
90984978[1052]
88769631[1053]
80246806[1054]
77423981[1055]
29896886[1056]
75255166[1057]
53166861[1058]
28137502[1059]
13126201[1060]
38186170[1061]
72619319[1062]
48508017[1063]
48397165[1064]
36553873[1065]
48301100[1066]
90569949[1067]
48650936[1068]
32521650[1069]
69167276[1070]
97886054[1071]
64446098[1072]
68923125[1073]
59546279[1074]
37481742[1075]
10871269[1076]
74861073[1077]
27466459[1078]
10561459[1079]
86544596[1080]
44724465[1081]
17902636[1082]
41336656[1083]
13380235[1084]
14576280[1085]
73541884[1086]
10772401[1087]
51649698[1088]
39307442[1089]
35085196[1090]
78673235[1091]
94804520[1092]
30741572[1093]
36321471[1094]
33134896[1095]
23244908[1096]
64936398[1097]
33209581[1098]
83520207[1099]
92970179[1100]
45343154[1101]
26003765[1102]
68636317[1103]
79434242[1104]
65416541[1105]
99387777[1106]
92699645[1107]
51854046[1108]
12327106[1109]
34424602[1110]
44531954[1111]
47146272[1112]
48563781[1113]
31114438[1114]
31288100[1115]
84106807[1116]
34126588[1117]
90412542[1118]
44934176[1119]
55218799[1120]
49374161[1121]
66798679[1122]
87298429[1123]
29742739[1124]
64298847[1125]
96540326[1126]
15064170[1127]
77267641[1128]
81664105[1129]
72391942[1130]
34037028[1131]
25733301[1132]
46582008[1133]
25615998[1134]
80268915[1135]
95460691[1136]
41521392[1137]
46471049[1138]
47033167[1139]
71868523[1140]
11932458[1141]
83616210[1142]
92424256[1143]
21657794[1144]
62876027[1145]
56696296[1146]
88766677[1147]
52189217[1148]
59296167[1149]
46161989[1150]
47632870[1151]
80763046[1152]
76259390[1153]
27903201[1154]
49004320[1155]
41936567[1156]
31461904[1157]
79657763[1158]
15198946[1159]
47121781[1160]
80322723[1161]
59927740[1162]
97315543[1163]
93647297[1164]
40767857[1165]
39483893[1166]
61529161[1167]
62435106[1168]
26158183[1169]
89524786[1170]
15163025[1171]
94635869[1172]
73849662[1173]
79276619[1174]
91274635[1175]
90157355[1176]
59476740[1177]
88566235[1178]
84018135[1179]
60802656[1180]
91306505[1181]
77504748[1182]
31657571[1183]
44578000[1184]
77099959[1185]
67065119[1186]
53538132[1187]
66422459[1188]
43335523[1189]
97499831[1190]
68151616[1191]
97541102[1192]
55777848[1193]
78381494[1194]
12300588[1195]
32968190[1196]
77367249[1197]
71125933[1198]
57271894[1199]
19070197[1200]
92430887[1201]
34604014[1202]
30619605[1203]
72980224[1204]
18441447[1205]
58068446[1206]
28696875[1207]
12477021[1208]
25591173[1209]
52139283[1210]
56415733[1211]
25117234[1212]
85999355[1213]
48382861[1214]
65768839[1215]
15209568[1216]
66312002[1217]
69355641[1218]
81077878[1219]
91229918[1220]
65719259[1221]
37331132[1222]
80114489[1223]
30342559[1224]
75836309[1225]
18303026[1226]
35795904[1227]
28180880[1228]
47166271[1229]
20418217[1230]
23705790[1231]
81871224[1232]
40077985[1233]
76753806[1234]
90236451[1235]
22460101[1236]
70222609[1237]
24545713[1238]
72894529[1239]
33239823[1240]
64297747[1241]
76602640[1242]
38670416[1243]
22063757[1244]
85514940[1245]
91825214[1246]
10782159[1247]
21625651[1248]
52174171[1249]
54785882[1250]
70063666[1251]
43172398[1252]
15095270[1253]
38535576[1254]
86116066[1255]
71185717[1256]
15168010[1257]
88898287[1258]
61976734[1259]
69074946[1260]
63447850[1261]
32782153[1262]
34210935[1263]
65395130[1264]
80073085[1265]
43520347[1266]
61130253[1267]
65344847[1268]
86320468[1269]
18911004[1270]
28648106[1271]
95381586[1272]
84214296[1273]
38615286[1274]
41329499[1275]
52288277[1276]
14189687[1277]
78938717[1278]
68393325[1279]
88402943[1280]
47329653[1281]
23036149[1282]
69922469[1283]
62169391[1284]
32727021[1285]
23115641[1286]
78466875[1287]
41288587[1288]
40870744[1289]
95290893[1290]
21648565[1291]
87000896[1292]
31295448[1293]
41509302[1294]
47343718[1295]
95757602[1296]
44840913[1297]
21665354[1298]
23874472[1299]
25959503[1300]
88912266[1301]
10947036[1302]
76346146[1303]
95317646[1304]
19484241[1305]
94021274[1306]
17544309[1307]
20296669[1308]
91825879[1309]
60162842[1310]
73498138[1311]
93977935[1312]
79779332[1313]
70186847[1314]
71350465[1315]
80199671[1316]
87298188[1317]
12567684[1318]
59110766[1319]
26599907[1320]
49536010[1321]
16232711[1322]
91774787[1323]
87709697[1324]
46449490[1325]
76528951[1326]
81399977[1327]
41562897[1328]
16281341[1329]
95727652[1330]
44923880[1331]
89410755[1332]
57100009[1333]
36200247[1334]
95955616[1335]
28273266[1336]
78708824[1337]
99348599[1338]
29639168[1339]
27416917[1340]
32143381[1341]
34476674[1342]
74929293[1343]
75348771[1344]
28014150[1345]
79430955[1346]
87640289[1347]
44064310[1348]
96344813[1349]
33501666[1350]
52663105[1351]
94401924[1352]
48598185[1353]
22849502[1354]
24386952[1355]
99694142[1356]
44454394[1357]
95769981[1358]
63779326[1359]
95551791[1360]
78165577[1361]
12888619[1362]
39747692[1363]
52560921[1364]
94505641[1365]
14274663[1366]
31215383[1367]
99234337[1368]
39161562[1369]
85588546[1370]
17088639[1371]
60198274[1372]
15923618[1373]
25066918[1374]
75504767[1375]
24532426[1376]
67985640[1377]
68673878[1378]
87820705[1379]
73011880[1380]
29776963[1381]
25084437[1382]
93043940[1383]
18611551[1384]
72542487[1385]
97727963[1386]
58654003[1387]
36727943[1388]
57630840[1389]
29140750[1390]
91278621[1391]
73768573[1392]
16926805[1393]
36219210[1394]
28725705[1395]
32351834[1396]
37599566[1397]
50231333[1398]
71931455[1399]
97826477[1400]
29013635[1401]
60362114[1402]
46129719[1403]
89781692[1404]
53765029[1405]
62085853[1406]
87719484[1407]
75169618[1408]
63639816[1409]
98864846[1410]
84308838[1411]
82233763[1412]
79047418[1413]
69428647[1414]
71775684[1415]
73117036[1416]
40560232[1417]
37072941[1418]
19153724[1419]
83070358[1420]
63746883[1421]
87688236[1422]
24956995[1423]
92067216[1424]
43554767[1425]
47595741[1426]
31770523[1427]
99531837[1428]
53054083[1429]
68325472[1430]
77856755[1431]
96375597[1432]
77251865[1433]
69745777[1434]
56873326[1435]
98299176[1436]
95469260[1437]
72021139[1438]
20647543[1439]
12988103[1440]
26679474[1441]
60306393[1442]
83250530[1443]
58373532[1444]
65067029[1445]
71188123[1446]
67476434[1447]
73163343[1448]
75834030[1449]
16303503[1450]
18964183[1451]
50154221[1452]
72618377[1453]
10025978[1454]
16900002[1455]
26188504[1456]
37131621[1457]
95667516[1458]
35436829[1459]
54451389[1460]
72232859[1461]
70918205[1462]
10967260[1463]
47742599[1464]
41215270[1465]
98507510[1466]
53577945[1467]
76810888[1468]
13745156[1469]
31972358[1470]
32526698[1471]
62107593[1472]
44266803[1473]
39404878[1474]
31441756[1475]
76424714[1476]
55734987[1477]
17536177[1478]
17971571[1479]
40891319[1480]
52775745[1481]
90517985[1482]
22811845[1483]
69313914[1484]
37034951[1485]
78904861[1486]
26501059[1487]
46740683[1488]
12877769[1489]
12483170[1490]
60595945[1491]
14206175[1492]
53110126[1493]
65532009[1494]
11107361[1495]
53242119[1496]
18313649[1497]
24384643[1498]
88946201[1499]
30892311[1500]
74134274[1501]
40652729[1502]
17270019[1503]
93557904[1504]
26741532[1505]
28360603[1506]
41735336[1507]
38262157[1508]
16538512[1509]
30258493[1510]
96694320[1511]
77455949[1512]
33954589[1513]
90837206[1514]
91198185[1515]
57811669[1516]
57772326[1517]
72315289[1518]
80550853[1519]
60346299[1520]
29063630[1521]
25796537[1522]
79017867[1523]
74434317[1524]
60842837[1525]
32076481[1526]
16968899[1527]
40159212[1528]
18642924[1529]
29116056[1530]
38420578[1531]
26724709[1532]
17809365[1533]
51772891[1534]
30149214[1535]
92018697[1536]
97000937[1537]
12976991[1538]
83091077[1539]
45407668[1540]
87335455[1541]
72043755[1542]
22675656[1543]
54748354[1544]
64774437[1545]
72521829[1546]
64479348[1547]
68294045[1548]
30193794[1549]
19154281[1550]
46299147[1551]
97059574[1552]
17935306[1553]
84285853[1554]
29701322[1555]
66394273[1556]
62692638[1557]
25694708[1558]
55174506[1559]
65718316[1560]
48188428[1561]
77228856[1562]
65954177[1563]
10962999[1564]
41797944[1565]
46297110[1566]
96403069[1567]
28511559[1568]
58756989[1569]
89298961[1570]
90689863[1571]
13998140[1572]
13729697[1573]
61725682[1574]
96313736[1575]
22603940[1576]
12947508[1577]
63024700[1578]
86743761[1579]
95855339[1580]
52947587[1581]
48452949[1582]
90347767[1583]
47569439[1584]
89356344[1585]
91182677[1586]
33965610[1587]
71702305[1588]
38811987[1589]
76491782[1590]
31004225[1591]
40925646[1592]
96191001[1593]
44393146[1594]
93437113[1595]
73415400[1596]
46406098[1597]
56986194[1598]
74850207[1599]
87504208[1600]
54287222[1601]
41463373[1602]
54542469[1603]
80076794[1604]
44758013[1605]
66777839[1606]
23540259[1607]
39266017[1608]
44132544[1609]
65440949[1610]
54166064[1611]
32602402[1612]
62415291[1613]
55617869[1614]
38523921[1615]
53440845[1616]
71578679[1617]
92743351[1618]
59660814[1619]
58623755[1620]
38174856[1621]
41333403[1622]
93988292[1623]
72957641[1624]
60930053[1625]
79132797[1626]
89715966[1627]
84223512[1628]
77020754[1629]
33840710[1630]
88372058[1631]
52163731[1632]
50333492[1633]
58054369[1634]
16055327[1635]
33606800[1636]
36285962[1637]
78699397[1638]
55195653[1639]
26615655[1640]
45250347[1641]
78793212[1642]
51553060[1643]
30823014[1644]
66746262[1645]
99272739[1646]
15832916[1647]
37722276[1648]
38953001[1649]
62494122[1650]
14241795[1651]
36758785[1652]
88959956[1653]
17134239[1654]
42968615[1655]
71073735[1656]
91044037[1657]
61275934[1658]
92568122[1659]
64254128[1660]
98493652[1661]
95122443[1662]
14892477[1663]
54048053[1664]
64593197[1665]
98558639[1666]
96568823[1667]
89232635[1668]
23201803[1669]
78962569[1670]
40350521[1671]
14256409[1672]
32728675[1673]
86134339[1674]
45877387[1675]
85344190[1676]
50806137[1677]
75989743[1678]
61042274[1679]
15393707[1680]
52700696[1681]
71881980[1682]
63799829[1683]
90749898[1684]
48363676[1685]
32821454[1686]
17681884[1687]
40529343[1688]
49654500[1689]
12396498[1690]
74576801[1691]
84126206[1692]
55519812[1693]
10102823[1694]
27164722[1695]
40039602[1696]
88482908[1697]
31127514[1698]
30629418[1699]
62238916[1700]
39214505[1701]
51157804[1702]
96987790[1703]
57615601[1704]
76501807[1705]
61717563[1706]
25609636[1707]
86519255[1708]
93677841[1709]
97547120[1710]
80809659[1711]
93122449[1712]
70090806[1713]
18479267[1714]
33408456[1715]
81334188[1716]
65449310[1717]
83037898[1718]
91129223[1719]
42378179[1720]
34078231[1721]
51741816[1722]
46626582[1723]
77533269[1724]
42000849[1725]
54713637[1726]
12520903[1727]
85667601[1728]
22274741[1729]
16094155[1730]
67787639[1731]
15513941[1732]
29408011[1733]
88807935[1734]
31243970[1735]
70687902[1736]
10211516[1737]
31955222[1738]
83789332[1739]
76598237[1740]
60456015[1741]
36612439[1742]
11214435[1743]
60697742[1744]
65618034[1745]
72230403[1746]
18271408[1747]
79264805[1748]
45742151[1749]
20393539[1750]
19012982[1751]
57473034[1752]
10487997[1753]
44688560[1754]
48432971[1755]
25575777[1756]
83342337[1757]
77400678[1758]
70704732[1759]
39169575[1760]
37954115[1761]
19653437[1762]
28789430[1763]
67741002[1764]
71050378[1765]
21538476[1766]
58767767[1767]
83339319[1768]
58770535[1769]
14512195[1770]
49991907[1771]
92050551[1772]
74123337[1773]
83441906[1774]
24204043[1775]
82134124[1776]
94166224[1777]
62925963[1778]
48234536[1779]
61712872[1780]
31668229[1781]
35348155[1782]
93229752[1783]
30097593[1784]
97398028[1785]
31189812[1786]
90231800[1787]
67934111[1788]
43189614[1789]
86357707[1790]
91844755[1791]
20144355[1792]
24298175[1793]
19113271[1794]
37575005[1795]
95175639[1796]
71375934[1797]
54197764[1798]
68578122[1799]
69210665[1800]
30474676[1801]
35830755[1802]
32035072[1803]
69804627[1804]
24708222[1805]
93049833[1806]
16295933[1807]
61025330[1808]
26895196[1809]
19060420[1810]
88789068[1811]
87811810[1812]
90410285[1813]
66872137[1814]
44067067[1815]
81170109[1816]
71065778[1817]
37373594[1818]
71529257[1819]
19350984[1820]
19795178[1821]
88725847[1822]
31315939[1823]
27660352[1824]
94197992[1825]
33270377[1826]
37262072[1827]
65155139[1828]
82476024[1829]
93064209[1830]
95503632[1831]
63713598[1832]
56833722[1833]
19325746[1834]
48666959[1835]
61183535[1836]
35690252[1837]
12259052[1838]
54304137[1839]
48098472[1840]
42926363[1841]
25126233[1842]
60140667[1843]
29695471[1844]
67089105[1845]
56594160[1846]
42729277[1847]
39394076[1848]
42807858[1849]
77508010[1850]
48005606[1851]
15458315[1852]
48011241[1853]
80066167[1854]
92287144[1855]
73986094[1856]
46213478[1857]
71844634[1858]
21347501[1859]
73690772[1860]
73014580[1861]
36083595[1862]
27550757[1863]
64975896[1864]
61768498[1865]
42516412[1866]
88504144[1867]
50054654[1868]
30859976[1869]
77756436[1870]
57221866[1871]
33244779[1872]
57515745[1873]
53342146[1874]
36635907[1875]
18062292[1876]
12188809[1877]
66799227[1878]
69964276[1879]
13255902[1880]
57111591[1881]
28639803[1882]
60316715[1883]
17576985[1884]
96424995[1885]
73590664[1886]
32800058[1887]
64658912[1888]
70660664[1889]
31586255[1890]
76435429[1891]
20662694[1892]
13956350[1893]
76235478[1894]
18921254[1895]
65249978[1896]
57273822[1897]
12614127[1898]
29035171[1899]
47867222[1900]
32613305[1901]
20979664[1902]
29158031[1903]
96991799[1904]
92616736[1905]
92588953[1906]
67712371[1907]
66043292[1908]
60338766[1909]
65810366[1910]
92276412[1911]
74835893[1912]
69725623[1913]
35550221[1914]
35520759[1915]
82283396[1916]
50709591[1917]
69752478[1918]
12836068[1919]
79651491[1920]
47269391[1921]
40152177[1922]
36469735[1923]
89145164[1924]
45028542[1925]
53281684[1926]
24830754[1927]
17030725[1928]
60402486[1929]
65029350[1930]
88631266[1931]
63601717[1932]
42827664[1933]
90967078[1934]
82602531[1935]
76224481[1936]
94066750[1937]
69832127[1938]
92679799[1939]
52562942[1940]
96131315[1941]
81135811[1942]
51256354[1943]
55886871[1944]
75017905[1945]
32224324[1946]
39455545[1947]
55176324[1948]
11376583[1949]
36746336[1950]
58129622[1951]
83948005[1952]
69722761[1953]
40501956[1954]
34771125[1955]
86444252[1956]
50908365[1957]
72300231[1958]
38580168[1959]
10652877[1960]
36781343[1961]
85279222[1962]
12060434[1963]
71298240[1964]
71756915[1965]
25108463[1966]
16009331[1967]
35046697[1968]
47240362[1969]
78098263[1970]
30129591[1971]
59605978[1972]
21475179[1973]
78993743[1974]
80309878[1975]
34225985[1976]
57469522[1977]
72910222[1978]
72450492[1979]
25982709[1980]
58917744[1981]
25634055[1982]
10944114[1983]
16879426[1984]
10119521[1985]
97135350[1986]
99035898[1987]
15131466[1988]
75273324[1989]
21903888[1990]
30808036[1991]
49790188[1992]
64909150[1993]
10845892[1994]
71241192[1995]
72929362[1996]
30309562[1997]
35634680[1998]
45386752[1999]
