抽奖号码如下：
10025978[1454]
10040280[0708]
10046661[0702]
10071355[0220]
10075683[0154]
10082373[0163]
10102823[1694]
10119521[1985]
10192897[1037]
10211516[1737]
10265328[1003]
10303150[0252]
10318422[0258]
10487997[1753]
10561459[1079]
10652877[1960]
10772401[1087]
10782159[1247]
10845892[1994]
10871269[1076]
10944114[1983]
10947036[1302]
10962999[1564]
10967260[1463]
10971295[0971]
10981710[0669]
11107361[1495]
11123129[0706]
11214435[1743]
11227707[0886]
11281057[0468]
11336686[0363]
11356114[1035]
11376583[1949]
11748563[0760]
11749204[0954]
11863479[0843]
11863902[0254]
11929431[0184]
11932458[1141]
11969083[0355]
11974932[0662]
12060434[1963]
12178205[0042]
12188809[1877]
12196539[0862]
12259052[1838]
12300588[1195]
12327106[1109]
12396498[1690]
12417509[0865]
12457292[0409]
12472520[0596]
12477021[1208]
12483170[1490]
12500558[0679]
12504221[0465]
12509363[1019]
12520903[1727]
12567684[1318]
12588854[0247]
12598047[0575]
12600469[0882]
12602777[0755]
12614127[1898]
12799175[0655]
12827980[1039]
12836068[1919]
12851509[1046]
12877769[1489]
12888619[1362]
12947508[1577]
12976991[1538]
12988103[1440]
13045511[0650]
13092982[0637]
13116142[0496]
13126201[1060]
13179779[0996]
13210798[0126]
13236271[1038]
13255902[1880]
13380235[1084]
13392355[0795]
13430915[0048]
13516217[0829]
13594707[0841]
13600800[0963]
13729697[1573]
13745156[1469]
13956350[1893]
13971670[0680]
13998140[1572]
14039463[0771]
14189687[1277]
14206175[1492]
14241795[1651]
14256409[1672]
14274663[1366]
14400875[0588]
14512195[1770]
14524509[0406]
14559419[0982]
14576280[1085]
14668638[0437]
14772858[0202]
14892477[1663]
14911545[0933]
15055677[0132]
15064170[1127]
15095270[1253]
15131466[1988]
15163025[1171]
15168010[1257]
15198946[1159]
15209568[1216]
15317881[0566]
15346433[0443]
15370727[0802]
15393707[1680]
15458315[1852]
15513941[1732]
15594525[0317]
15832916[1647]
15884885[0975]
15923618[1373]
15944759[0871]
16009331[1967]
16011024[0502]
16055327[1635]
16094155[1730]
16232711[1322]
16253016[0308]
16281341[1329]
16295933[1807]
16303503[1450]
16496642[0234]
16538512[1509]
16565172[0472]
16565815[0003]
16731183[0876]
16751388[0242]
16767630[0983]
16879426[1984]
16900002[1455]
16920097[0494]
16922954[0956]
16926805[1393]
16949582[0097]
16955604[0174]
16963873[0723]
16968899[1527]
17030725[1928]
17063370[0953]
17079907[0812]
17088639[1371]
17097487[0910]
17099948[0603]
17134239[1654]
17151327[0384]
17154709[0837]
17189896[0539]
17198564[0828]
17270019[1503]
17428514[1027]
17493914[0815]
17505348[0480]
17507310[0413]
17536177[1478]
17544309[1307]
17545704[0245]
17553261[0647]
17576985[1884]
17590123[0469]
17637058[0309]
17681884[1687]
17690150[0776]
17748426[0526]
17798382[0732]
17809365[1533]
17902636[1082]
17915061[0145]
17926727[0562]
17935306[1553]
17971571[1479]
18055637[0885]
18062292[1876]
18119299[0900]
18156482[0074]
18271408[1747]
18287754[0648]
18303026[1226]
18313649[1497]
18321913[0731]
18354939[0736]
18365061[0091]
18441447[1205]
18479267[1714]
18513860[0182]
18570313[0462]
18611551[1384]
18642924[1529]
18645639[0225]
18646507[0267]
18872556[0635]
18886664[0326]
18911004[1270]
18921254[1895]
18964183[1451]
19012982[1751]
19060420[1810]
19070197[1200]
19113271[1794]
19127477[0023]
19153724[1419]
19154281[1550]
19154349[0099]
19289917[0785]
19325746[1834]
19335615[0943]
19344076[0860]
19350984[1820]
19357725[0781]
19484241[1305]
19522204[0065]
19546241[0086]
19573156[0816]
19629679[0978]
19630224[0716]
19653437[1762]
19795178[1821]
19945331[0096]
20045301[0966]
20144355[1792]
20188740[0383]
20238040[0556]
20296669[1308]
20299663[0628]
20320172[0310]
20393539[1750]
20418217[1230]
20425144[0271]
20647543[1439]
20662694[1892]
20672468[0618]
20979664[1902]
21007657[0049]
21058132[0626]
21065832[0141]
21106919[0758]
21125436[0075]
21155271[0634]
21205147[0535]
21267029[0610]
21347501[1859]
21401432[0742]
21459089[0162]
21475179[1973]
21499291[0244]
21538476[1766]
21605236[0055]
21615873[0531]
21625651[1248]
21648565[1291]
21657794[1144]
21665354[1298]
21683174[0479]
21732107[0358]
21810969[0253]
21903888[1990]
21955576[0467]
22014227[1015]
22063757[1244]
22076093[0421]
22259908[0175]
22274741[1729]
22292266[0365]
22331104[0011]
22332435[0360]
22389304[0199]
22411326[0988]
22431092[0119]
22460101[1236]
22493645[0905]
22508950[0633]
22603940[1576]
22675656[1543]
22768351[0470]
22781696[0138]
22811845[1483]
22827572[0941]
22849502[1354]
22891420[0357]
22905046[0009]
22905121[0608]
22990255[0148]
23036149[1282]
23115641[1286]
23118903[0266]
23157004[0499]
23201803[1669]
23244908[1096]
23251926[0704]
23532607[0948]
23540259[1607]
23575887[0219]
23576877[0422]
23602323[0990]
23665843[0944]
23705790[1231]
23874472[1299]
23881049[0831]
23897041[0694]
24040332[0855]
24073039[0327]
24078591[0729]
24140816[0064]
24153447[0410]
24164733[1008]
24204043[1775]
24282242[0013]
24298175[1793]
24307594[0034]
24325590[1016]
24330368[0965]
24384643[1498]
24386952[1355]
24532426[1376]
24545713[1238]
24632520[0778]
24708222[1805]
24756920[0619]
24811102[0640]
24830754[1927]
24861167[0907]
24879042[0554]
24956995[1423]
25023511[1014]
25066918[1374]
25084437[1382]
25108463[1966]
25117234[1212]
25126233[1842]
25145033[0354]
25370319[0487]
25379201[0850]
25575777[1756]
25591173[1209]
25609636[1707]
25615998[1134]
25634055[1982]
25681692[0070]
25694708[1558]
25724980[0345]
25733301[1132]
25796537[1522]
25959503[1300]
25979535[0856]
25982709[1980]
25998475[0269]
26003765[1102]
26043805[0214]
26158183[1169]
26188504[1456]
26276761[0858]
26344910[0995]
26501059[1487]
26547340[0142]
26569930[0516]
26599907[1320]
26615655[1640]
26679474[1441]
26686327[0348]
26698790[0235]
26702227[0724]
26724709[1532]
26741532[1505]
26743465[0553]
26820119[0717]
26885739[0766]
26895196[1809]
26917072[0194]
26934530[0285]
27039511[0445]
27164722[1695]
27167531[0700]
27334963[0454]
27415317[0123]
27416917[1340]
27466459[1078]
27487038[0985]
27509809[0997]
27522091[0792]
27547707[0134]
27550757[1863]
27572190[0823]
27581815[0923]
27597246[1036]
27610098[0589]
27660352[1824]
27903201[1154]
27999686[0140]
28014150[1345]
28122422[0435]
28137502[1059]
28166906[0374]
28167398[0189]
28180880[1228]
28187503[0077]
28247637[0036]
28273266[1336]
28288036[0601]
28360603[1506]
28362889[1050]
28511559[1568]
28639803[1882]
28648106[1271]
28696875[1207]
28725705[1395]
28785447[0986]
28789430[1763]
28878583[0543]
28934521[0012]
29013635[1401]
29035171[1899]
29063630[1521]
29073635[0037]
29077824[0551]
29093840[0484]
29116056[1530]
29119354[0237]
29140750[1390]
29158031[1903]
29196962[0268]
29408011[1733]
29421150[0955]
29466623[0485]
29566709[0104]
29639168[1339]
29642359[0530]
29671717[0629]
29695471[1844]
29701322[1555]
29742739[1124]
29776963[1381]
29834657[0898]
29896886[1056]
29899241[0607]
30056270[0705]
30063630[0482]
30081612[0666]
30097593[1784]
30104600[0125]
30129591[1971]
30149214[1535]
30157589[0808]
30193794[1549]
30258493[1510]
30276305[0678]
30309562[1997]
30337656[0770]
30342559[1224]
30458862[0329]
30474676[1801]
30505539[0156]
30517298[0762]
30619605[1203]
30629418[1699]
30722807[0864]
30741572[1093]
30785371[0018]
30808036[1991]
30823014[1644]
30845973[0579]
30859976[1869]
30892311[1500]
30999339[0523]
31004225[1591]
31008325[0471]
31042919[0290]
31114438[1114]
31127514[1698]
31165717[0200]
31189812[1786]
31215383[1367]
31243970[1735]
31288100[1115]
31295448[1293]
31307039[0693]
31315939[1823]
31441756[1475]
31461904[1157]
31504438[0090]
31586255[1890]
31657568[0797]
31657571[1183]
31668229[1781]
31770523[1427]
31955222[1738]
31972358[1470]
32035072[1803]
32076481[1526]
32110464[0376]
32137253[0152]
32143381[1341]
32163546[0178]
32164272[0746]
32224324[1946]
32257132[0834]
32351834[1396]
32394287[0574]
32398949[0180]
32509512[0352]
32521650[1069]
32526698[1471]
32549902[0992]
32602402[1612]
32613305[1901]
32653958[0093]
32727021[1285]
32728675[1673]
32762570[0791]
32782153[1262]
32793478[0129]
32800058[1887]
32821454[1686]
32932554[0368]
32968190[1196]
32998938[0542]
33062524[0974]
33091999[0466]
33134896[1095]
33209581[1098]
33239823[1240]
33244779[1872]
33245146[0423]
33270377[1826]
33318651[0874]
33332242[0519]
33378425[0772]
33408456[1715]
33416472[0332]
33501666[1350]
33528768[0151]
33589956[0008]
33606800[1636]
33669496[0793]
33794624[0100]
33807126[0932]
33840710[1630]
33954589[1513]
33965610[1587]
34009160[0361]
34013713[0698]
34037028[1131]
34078231[1721]
34111586[0169]
34126588[1117]
34142160[0124]
34143318[0312]
34200829[0895]
34210935[1263]
34225985[1976]
34361610[0324]
34412520[0660]
34424602[1110]
34476674[1342]
34580755[0645]
34604014[1202]
34771125[1955]
34831401[0819]
34834214[0938]
34976122[0674]
34999110[1041]
35010074[0207]
35029430[0262]
35046697[1968]
35085196[1090]
35268531[0897]
35321258[0006]
35327576[0067]
35348155[1782]
35396635[0382]
35436829[1459]
35444175[0032]
35505587[0349]
35520759[1915]
35550221[1914]
35610014[0280]
35622851[0784]
35634680[1998]
35690252[1837]
35749719[0515]
35795904[1227]
35830755[1802]
35880521[0728]
35931593[0082]
36083595[1862]
36171579[0571]
36200247[1334]
36219210[1394]
36281034[0810]
36285962[1637]
36321471[1094]
36382419[1045]
36469735[1923]
36553873[1065]
36612439[1742]
36635907[1875]
36640870[0111]
36680427[0528]
36727943[1388]
36746336[1950]
36758785[1652]
36781343[1961]
36783834[0682]
37034951[1485]
37047436[0979]
37072941[1418]
37131621[1457]
37175959[0527]
37258674[0675]
37260070[0302]
37262072[1827]
37290540[0221]
37331132[1222]
37373594[1818]
37410682[1010]
37447428[0044]
37481742[1075]
37575005[1795]
37599566[1397]
37686427[1031]
37722276[1648]
37826320[0715]
37906952[0511]
37912758[0711]
37954115[1761]
38174770[0085]
38174856[1621]
38186170[1061]
38262157[1508]
38282672[0730]
38308673[0713]
38358095[0059]
38420578[1531]
38523921[1615]
38535576[1254]
38580168[1959]
38595444[0540]
38615286[1274]
38670416[1243]
38682736[0418]
38687436[0209]
38691729[0257]
38741382[0866]
38811987[1589]
38846191[0166]
38921055[0958]
38953001[1649]
38976695[0218]
38985243[0751]
38989097[0534]
39077645[0131]
39115093[0922]
39161562[1369]
39169575[1760]
39190219[0446]
39214505[1701]
39266017[1608]
39290028[0796]
39307442[1089]
39394076[1848]
39404878[1474]
39455545[1947]
39483893[1166]
39516313[0320]
39641234[0806]
39719687[0552]
39747692[1363]
39813703[0411]
39898562[0883]
39946481[0233]
40015880[0335]
40039602[1696]
40077985[1233]
40110806[0236]
40152177[1922]
40159212[1528]
40184442[0362]
40350521[1671]
40501956[1954]
40519006[0108]
40529343[1688]
40560232[1417]
40652729[1502]
40694331[0401]
40719954[0181]
40735169[0073]
40767857[1165]
40870744[1289]
40891319[1480]
40925646[1592]
40976508[0150]
41103833[0259]
41129860[0614]
41215270[1465]
41288587[1288]
41329499[1275]
41333403[1622]
41336656[1083]
41372541[0537]
41463373[1602]
41509302[1294]
41521392[1137]
41553942[0113]
41562897[1328]
41590373[0367]
41643810[0491]
41699269[0620]
41735336[1507]
41797944[1565]
41936567[1156]
42000849[1725]
42046379[0024]
42253844[0656]
42298582[0294]
42378179[1720]
42480731[0918]
42505059[0002]
42516412[1866]
42551859[0106]
42590932[0749]
42663256[0801]
42729277[1847]
42747281[0133]
42758678[0744]
42807858[1849]
42827664[1933]
42914048[0638]
42921611[0743]
42926363[1841]
42968615[1655]
43056474[1020]
43172398[1252]
43189614[1789]
43229867[1018]
43279794[0591]
43335523[1189]
43355790[0964]
43388926[0960]
43487458[0121]
43520347[1266]
43554767[1425]
43572076[0015]
43681980[0046]
43682370[0020]
43759611[0143]
43831974[0663]
43879535[1032]
44017677[0447]
44064310[1348]
44067067[1815]
44132544[1609]
44266803[1473]
44323607[0213]
44393146[1594]
44398179[0930]
44440480[0339]
44454394[1357]
44531954[1111]
44578000[1184]
44688560[1754]
44724465[1081]
44758013[1605]
44777758[0832]
44840538[0969]
44840913[1297]
44920580[0061]
44923880[1331]
44934176[1119]
45028542[1925]
45250347[1641]
45297714[0276]
45343154[1101]
45364886[0155]
45386752[1999]
45407668[1540]
45474032[0740]
45492310[0951]
45737873[0739]
45740142[0939]
45742151[1749]
45807497[0092]
45839966[0600]
45877387[1675]
45976511[0457]
45980301[0030]
46027607[0107]
46122832[0331]
46129719[1403]
46161989[1150]
46213478[1857]
46294419[0842]
46297110[1566]
46299147[1551]
46315339[0878]
46372928[0779]
46406098[1597]
46438288[0545]
46440107[0318]
46449490[1325]
46471049[1138]
46504757[0372]
46562749[0495]
46582008[1133]
46607824[0622]
46626582[1723]
46670787[0630]
46712353[0022]
46740683[1488]
46811097[0991]
46875891[0160]
46922003[0016]
47010000[0921]
47033167[1139]
47121781[1160]
47146272[1112]
47166271[1229]
47240362[1969]
47269343[1012]
47269391[1921]
47329653[1281]
47343718[1295]
47382606[0685]
47415542[0501]
47476920[0404]
47569439[1584]
47595741[1426]
47630754[0351]
47632870[1151]
47654798[0727]
47742599[1464]
47773539[0477]
47778893[0330]
47829351[0211]
47829688[0952]
47867222[1900]
47957488[1030]
47983781[0741]
48005606[1851]
48011241[1853]
48098472[1840]
48143170[0497]
48188428[1561]
48234536[1779]
48276259[0415]
48301100[1066]
48304632[0937]
48363676[1685]
48382861[1214]
48397165[1064]
48432971[1755]
48452949[1582]
48454164[0224]
48469113[0780]
48508017[1063]
48563781[1113]
48598185[1353]
48650936[1068]
48666959[1835]
48778455[0311]
48980325[0768]
49004320[1155]
49055221[0191]
49129490[0833]
49361656[0102]
49369614[0284]
49374161[1121]
49445309[0203]
49463548[0117]
49536010[1321]
49539591[0884]
49542529[0321]
49558100[0052]
49613184[0115]
49654500[1689]
49790188[1992]
49835472[0278]
49954229[0407]
49991907[1771]
50054654[1868]
50085085[0846]
50137630[0859]
50145920[0747]
50154221[1452]
50167412[0722]
50176643[0130]
50210188[0459]
50231333[1398]
50254434[0786]
50276706[0524]
50333492[1633]
50334550[0053]
50348123[0161]
50436842[0456]
50709591[1917]
50729910[0338]
50780034[0820]
50806137[1677]
50824024[0748]
50908365[1957]
51035464[0999]
51095848[0337]
51157804[1702]
51166300[0559]
51256354[1943]
51299699[0672]
51331970[0078]
51371439[0522]
51375655[0544]
51553060[1643]
51593560[0959]
51594377[0079]
51649698[1088]
51684826[0577]
51689374[0558]
51730347[0621]
51741816[1722]
51769157[0725]
51772891[1534]
51831611[0265]
51848259[0449]
51854046[1108]
52139283[1210]
52163731[1632]
52174171[1249]
52189217[1148]
52192336[0493]
52223476[0397]
52226056[0057]
52237512[0639]
52288277[1276]
52370607[0548]
52438858[0529]
52530020[0153]
52560921[1364]
52562942[1940]
52583609[0550]
52630978[0272]
52647143[0173]
52663105[1351]
52700696[1681]
52745704[0316]
52772337[0889]
52775745[1481]
52819436[0045]
52947587[1581]
53006034[0007]
53054083[1429]
53072608[0555]
53110126[1493]
53130580[0549]
53151180[0336]
53166861[1058]
53242119[1496]
53259714[0297]
53281684[1926]
53342146[1874]
53428127[0726]
53440845[1616]
53446759[0440]
53537626[0301]
53538132[1187]
53577945[1467]
53765029[1405]
53852481[0695]
53859857[0089]
53937585[0881]
53958009[0936]
53994025[0238]
54048053[1664]
54095523[0095]
54166064[1611]
54183003[0946]
54197764[1798]
54287222[1601]
54304137[1839]
54316966[0419]
54401937[0894]
54451389[1460]
54542469[1603]
54630952[0196]
54686442[0934]
54713637[1726]
54726034[0914]
54733442[0304]
54748354[1544]
54761200[0223]
54785882[1250]
54896071[1013]
54926710[0625]
55132711[0667]
55155167[0463]
55174506[1559]
55176324[1948]
55195653[1639]
55218799[1120]
55306037[0961]
55381769[0957]
55455927[0186]
55473631[0888]
55506318[0789]
55519812[1693]
55616146[0341]
55617869[1614]
55652626[0021]
55734987[1477]
55777848[1193]
55807058[0103]
55834925[0699]
55860134[0967]
55886871[1944]
56176911[0807]
56344442[0179]
56415733[1211]
56474301[0868]
56594160[1846]
56696296[1146]
56717055[0346]
56751804[0350]
56833722[1833]
56873326[1435]
56895453[0240]
56930023[0879]
56986194[1598]
56996646[0226]
57058661[0072]
57100009[1333]
57111591[1881]
57221866[1871]
57271894[1199]
57273822[1897]
57281633[0546]
57289099[0584]
57328697[0054]
57343854[0414]
57465987[0617]
57469522[1977]
57473034[1752]
57515745[1873]
57552345[0734]
57615601[1704]
57630839[0718]
57630840[1389]
57772326[1517]
57811669[1516]
58054369[1634]
58060956[0580]
58068446[1206]
58116443[0444]
58121133[0863]
58129622[1951]
58187910[0583]
58373532[1444]
58592709[0144]
58623755[1620]
58642560[0925]
58654003[1387]
58756989[1569]
58767767[1767]
58770535[1769]
58917744[1981]
58941001[0904]
59059946[0631]
59110766[1319]
59296167[1149]
59372786[0076]
59476740[1177]
59511069[0489]
59546279[1074]
59547909[0636]
59573633[0417]
59574689[0270]
59605978[1972]
59660814[1619]
59830108[0877]
59880343[0508]
59927740[1162]
60069517[0980]
60140667[1843]
60162842[1310]
60198274[1372]
60265819[0370]
60306393[1442]
60316715[1883]
60338766[1909]
60342559[0505]
60346299[1520]
60362114[1402]
60363676[0098]
60402486[1929]
60444894[0431]
60456015[1741]
60542019[0809]
60554859[0738]
60595945[1491]
60622860[1029]
60627584[1000]
60697742[1744]
60802656[1180]
60842837[1525]
60930053[1625]
60944489[0498]
60963652[0230]
60973386[0906]
61025330[1808]
61042274[1679]
61122403[0328]
61130253[1267]
61183535[1836]
61275934[1658]
61277245[0582]
61295672[0615]
61342071[0649]
61380879[0852]
61469168[0873]
61529161[1167]
61547078[0644]
61653740[0403]
61712872[1780]
61717563[1706]
61725682[1574]
61768498[1865]
61819667[0385]
61838635[0147]
61976734[1259]
62084596[0375]
62085853[1406]
62101403[0697]
62107593[1472]
62169391[1284]
62178940[0503]
62238916[1700]
62357666[0380]
62370045[0256]
62403600[0839]
62415291[1613]
62435106[1168]
62494122[1650]
62528421[0167]
62669278[0243]
62692638[1557]
62876027[1145]
62925963[1778]
63024700[1578]
63134209[0188]
63227286[0038]
63304402[0333]
63447850[1261]
63502971[0790]
63601717[1932]
63639816[1409]
63713598[1832]
63746883[1421]
63779326[1359]
63799829[1683]
63882005[0081]
63939595[0512]
64091695[0880]
64092124[0486]
64093900[0279]
64196419[0315]
64254128[1660]
64263614[0066]
64297747[1241]
64298847[1125]
64446098[1072]
64479348[1547]
64593197[1665]
64658912[1888]
64774437[1545]
64842634[0027]
64909150[1993]
64936398[1097]
64970864[0473]
64975896[1864]
65029350[1930]
65067029[1445]
65093880[0428]
65153537[0120]
65155139[1828]
65173143[0228]
65249978[1896]
65344847[1268]
65395130[1264]
65416541[1105]
65420746[0069]
65440949[1610]
65444239[0177]
65449310[1717]
65526740[0962]
65532009[1494]
65538850[0643]
65615082[0014]
65618034[1745]
65681910[0847]
65718316[1560]
65719259[1221]
65768839[1215]
65810366[1910]
65899639[0056]
65905892[0288]
65954177[1563]
65990474[0204]
66043292[1908]
66051278[1021]
66054077[0146]
66116150[0475]
66221595[0398]
66240775[0593]
66256752[0094]
66312002[1217]
66339315[0927]
66365547[0994]
66394273[1556]
66422459[1188]
66492037[0028]
66735516[0701]
66742902[0342]
66746262[1645]
66769234[0757]
66777839[1606]
66798679[1122]
66799227[1878]
66872137[1814]
66988916[0314]
67065119[1186]
67088969[0632]
67089105[1845]
67096324[1049]
67178023[0609]
67237721[0246]
67243204[0047]
67344427[0767]
67476434[1447]
67624115[0452]
67652287[0642]
67712371[1907]
67741002[1764]
67764137[0569]
67787639[1731]
67908974[0686]
67934111[1788]
67985640[1377]
68151616[1191]
68193386[0849]
68204567[0010]
68294045[1548]
68325472[1430]
68393325[1279]
68466673[0159]
68578122[1799]
68636317[1103]
68673878[1378]
68701502[0208]
68732771[0931]
68886934[1023]
68923125[1073]
69043710[0231]
69074946[1260]
69156386[0005]
69167276[1070]
69210665[1800]
69245551[0390]
69251624[0594]
69313914[1484]
69355641[1218]
69399605[0920]
69428647[1414]
69478101[0296]
69678930[0651]
69701615[0782]
69722761[1953]
69725623[1913]
69745777[1434]
69752478[1918]
69804627[1804]
69832127[1938]
69905965[0019]
69922469[1283]
69951282[0105]
69964276[1879]
70063666[1251]
70069514[0509]
70090806[1713]
70140822[0071]
70186847[1314]
70222609[1237]
70270081[0299]
70329777[0563]
70373158[0426]
70402129[0867]
70427128[0492]
70553928[0913]
70571438[0945]
70622960[0641]
70639009[0928]
70660664[1889]
70687902[1736]
70704732[1759]
70714658[1007]
70891565[0058]
70918205[1462]
70948379[0135]
71050378[1765]
71065778[1817]
71073735[1656]
71107788[0291]
71125933[1198]
71156956[0576]
71170200[0062]
71181559[0687]
71184584[0798]
71185717[1256]
71187367[0605]
71188123[1446]
71241192[1995]
71298240[1964]
71334057[0343]
71350465[1315]
71375934[1797]
71399056[0128]
71402041[1002]
71409557[0206]
71470923[0536]
71529257[1819]
71539652[0377]
71578679[1617]
71651894[0902]
71702305[1588]
71720947[0926]
71756915[1965]
71775684[1415]
71844634[1858]
71868523[1140]
71881980[1682]
71931455[1399]
71973034[0664]
71974924[0919]
71990563[0201]
72002855[0373]
72005306[0861]
72021139[1438]
72043755[1542]
72084044[0277]
72100762[0799]
72200411[0909]
72230403[1746]
72232859[1461]
72266922[0794]
72275556[1017]
72293278[0836]
72295953[0283]
72300231[1958]
72315289[1518]
72343557[0857]
72373467[0192]
72379879[0451]
72391942[1130]
72394819[0063]
72450492[1979]
72452169[0538]
72521829[1546]
72542487[1385]
72597707[0408]
72602769[0750]
72618377[1453]
72619319[1062]
72767677[0364]
72778781[0197]
72857019[0476]
72894529[1239]
72910222[1978]
72929362[1996]
72957641[1624]
72980224[1204]
73011880[1380]
73014580[1861]
73117036[1416]
73163343[1448]
73326935[0114]
73381756[0707]
73415400[1596]
73438244[0869]
73441510[0274]
73498138[1311]
73512436[0165]
73526474[0599]
73541884[1086]
73590664[1886]
73665397[0395]
73690772[1860]
73712612[0322]
73762565[0654]
73768573[1392]
73849662[1173]
73964573[0783]
73986094[1856]
74003368[0249]
74010188[0334]
74123337[1773]
74134274[1501]
74243331[0448]
74289774[0060]
74434317[1524]
74479937[0004]
74536509[1006]
74576801[1691]
74617866[0356]
74658108[0912]
74681134[0811]
74697192[0804]
74785306[0692]
74835893[1912]
74850207[1599]
74861073[1077]
74914377[0429]
74928650[0273]
74929293[1343]
75017905[1945]
75055891[0474]
75169618[1408]
75202757[0533]
75255166[1057]
75273324[1989]
75279743[0753]
75321634[0703]
75348771[1344]
75504767[1375]
75520048[0570]
75530053[0585]
75574035[0917]
75678517[0212]
75834030[1449]
75836309[1225]
75889112[0613]
75934873[0405]
75989743[1678]
76124310[1024]
76161147[0450]
76195388[0532]
76209658[0293]
76224481[1936]
76235478[1894]
76259390[1153]
76346146[1303]
76359697[0968]
76389956[0581]
76421558[0168]
76424714[1476]
76435429[1891]
76481397[0653]
76491782[1590]
76501807[1705]
76528951[1326]
76593962[0602]
76598237[1740]
76602640[1242]
76608894[0500]
76630328[0031]
76644389[0691]
76644960[0507]
76751619[0893]
76753806[1234]
76810888[1468]
76883083[0916]
77020754[1629]
77050641[0557]
77076425[0547]
77099959[1185]
77228856[1562]
77251865[1433]
77267641[1128]
77310494[0433]
77364073[0043]
77367249[1197]
77400678[1758]
77415854[0592]
77423981[1055]
77446235[0157]
77455949[1512]
77504748[1182]
77508010[1850]
77533269[1724]
77552479[0402]
77552873[0425]
77594467[0774]
77612196[0442]
77687960[0255]
77744950[0720]
77756436[1870]
77856755[1431]
77895758[0436]
77898426[0597]
77915482[1044]
77917362[0251]
78016899[0127]
78085196[0453]
78098263[1970]
78165577[1361]
78175283[0122]
78295635[0627]
78381494[1194]
78393100[0683]
78466875[1287]
78557760[0298]
78673235[1091]
78699397[1638]
78708824[1337]
78793212[1642]
78796477[0118]
78904861[1486]
78920610[0561]
78938717[1278]
78962569[1670]
78993743[1974]
79017867[1523]
79047418[1413]
79129488[0646]
79132797[1626]
79149424[0170]
79264805[1748]
79276619[1174]
79308391[0987]
79350453[0215]
79364620[0205]
79430955[1346]
79434242[1104]
79450020[0689]
79471378[0892]
79479957[0136]
79539122[0281]
79651491[1920]
79657763[1158]
79733413[0172]
79779332[1313]
79894288[0805]
79955620[0844]
79968615[0340]
79978456[0887]
80041057[0984]
80066167[1854]
80073085[1265]
80076794[1604]
80089747[0903]
80114489[1223]
80187566[0303]
80199671[1316]
80204043[0623]
80231828[0000]
80246806[1054]
80268915[1135]
80309878[1975]
80322723[1161]
80392423[0275]
80443927[0752]
80455831[0183]
80478223[0813]
80480760[0573]
80525058[0587]
80550853[1519]
80638914[0822]
80763046[1152]
80780221[0441]
80809659[1711]
80931268[0924]
81072750[0389]
81077878[1219]
81135811[1942]
81170109[1816]
81221637[0854]
81334188[1716]
81399977[1327]
81499784[0369]
81602646[0051]
81651746[0845]
81664105[1129]
81741822[0139]
81799685[0149]
81828046[0891]
81871224[1232]
82134124[1776]
82157874[0319]
82233763[1412]
82249978[0560]
82283396[1916]
82380575[0068]
82448166[0517]
82476024[1829]
82506446[0040]
82531638[1011]
82563937[0947]
82602531[1935]
82642925[0514]
82646177[0595]
82697027[0347]
82738202[0818]
82848997[0250]
82898609[0590]
82966257[0478]
82975869[0371]
83037898[1718]
83070358[1420]
83091077[1539]
83221090[0896]
83250252[0765]
83250530[1443]
83297088[0520]
83338499[0035]
83339319[1768]
83342337[1757]
83389403[0193]
83427724[0733]
83429766[0658]
83441906[1774]
83489680[0769]
83520207[1099]
83616210[1142]
83789332[1739]
83868673[0050]
83897945[0773]
83948005[1952]
83980095[0710]
84018135[1179]
84106807[1116]
84126206[1692]
84149515[0386]
84214296[1273]
84223512[1628]
84285853[1554]
84308838[1411]
84349572[0366]
84437430[0017]
84522629[0870]
84567772[0506]
84601467[0712]
84783862[0292]
84879429[1025]
84936329[0393]
84959024[0624]
84984455[0286]
85056619[0851]
85279222[1962]
85344190[1676]
85365850[0227]
85514940[1245]
85588546[1370]
85667601[1728]
85794260[0088]
85831840[0684]
85872981[0714]
85999355[1213]
85999853[0972]
86000007[0216]
86081599[0387]
86116066[1255]
86134339[1674]
86160736[1028]
86320468[1269]
86332704[0185]
86341245[0263]
86357707[1790]
86404333[0359]
86444252[1956]
86474876[0344]
86488297[0461]
86519255[1708]
86544596[1080]
86603880[0586]
86646824[0116]
86731950[0084]
86743761[1579]
86864941[0171]
86900778[0853]
86914438[0026]
87000896[1292]
87050506[0564]
87116226[0578]
87142612[0890]
87298188[1317]
87298429[1123]
87335455[1541]
87443494[0659]
87469208[0300]
87504208[1600]
87520034[0803]
87640289[1347]
87688236[1422]
87700561[1043]
87709697[1324]
87714793[0198]
87719484[1407]
87768170[1034]
87773177[0915]
87773322[0759]
87811810[1812]
87820705[1379]
87826041[0677]
87907396[0821]
88061269[0568]
88176395[0976]
88348182[1022]
88372058[1631]
88402943[1280]
88479264[0325]
88482908[1697]
88500748[0777]
88504144[1867]
88521164[0775]
88566235[1178]
88585204[0814]
88631266[1931]
88654332[0229]
88664804[0041]
88674353[0080]
88709708[1048]
88725847[1822]
88766677[1147]
88769631[1053]
88789068[1811]
88807935[1734]
88898287[1258]
88912266[1301]
88946201[1499]
88959956[1653]
89145164[1924]
89232635[1668]
89298961[1570]
89301782[0210]
89356344[1585]
89391974[0598]
89410755[1332]
89524786[1170]
89675309[0606]
89715966[1627]
89733999[0378]
89781692[1404]
89805139[0518]
89906582[0190]
89923687[0260]
89936181[0872]
89963507[1026]
90031770[0737]
90157355[1176]
90228889[0176]
90231800[1787]
90236451[1235]
90306112[0541]
90315302[0949]
90317484[0611]
90347767[1583]
90410285[1813]
90412453[0835]
90412542[1118]
90469730[0295]
90497040[0396]
90517985[1482]
90569949[1067]
90632672[0392]
90689863[1571]
90690697[0665]
90749898[1684]
90804486[0394]
90837206[1514]
90866187[0222]
90891454[1051]
90893701[0510]
90967078[1934]
90984978[1052]
91044037[1657]
91086516[0087]
91129223[1719]
91182677[1586]
91198185[1515]
91229918[1220]
91235971[0652]
91274635[1175]
91278621[1391]
91306505[1181]
91343685[0412]
91391862[0217]
91480448[0416]
91517592[0824]
91522642[0719]
91534891[0848]
91577855[0232]
91588440[0688]
91641066[0800]
91758193[0483]
91774787[1323]
91825214[1246]
91825879[1309]
91834936[0241]
91844755[1791]
91848944[0137]
91962201[0504]
92018697[1536]
92034608[0787]
92050551[1772]
92067216[1424]
92069770[0187]
92190988[0830]
92276412[1911]
92285107[0670]
92287144[1855]
92299791[0970]
92353276[0438]
92360334[0950]
92414394[0840]
92424256[1143]
92430887[1201]
92438357[0899]
92442224[0158]
92451406[0434]
92456795[0981]
92466224[0420]
92568122[1659]
92588953[1906]
92610161[0305]
92616736[1905]
92624105[0039]
92679799[1939]
92699645[1107]
92743351[1618]
92765956[0673]
92803960[0353]
92970179[1100]
93043940[1383]
93044010[0109]
93049833[1806]
93064209[1830]
93090192[0935]
93099353[0942]
93122449[1712]
93165598[0287]
93175306[0908]
93229745[0745]
93229752[1783]
93230704[0307]
93334747[0826]
93371198[0761]
93399661[0025]
93423901[0690]
93437113[1595]
93468309[0911]
93526455[0998]
93557904[1504]
93647297[1164]
93677841[1709]
93691296[0112]
93736369[0756]
93815722[0388]
93908886[0239]
93977935[1312]
93988292[1623]
94021274[1306]
94066750[1937]
94132657[1001]
94166224[1777]
94197992[1825]
94223440[0029]
94234445[0313]
94344844[0306]
94401924[1352]
94505641[1365]
94604788[0681]
94635869[1172]
94693248[0604]
94703214[1033]
94716955[0458]
94732299[0195]
94804520[1092]
95108171[1004]
95113581[1005]
95113871[0001]
95122443[1662]
95175639[1796]
95286445[0289]
95290893[1290]
95313750[0721]
95317646[1304]
95374547[0788]
95381586[1272]
95460691[1136]
95464058[1009]
95469260[1437]
95503632[1831]
95506864[0901]
95551791[1360]
95583061[0764]
95634877[0430]
95667516[1458]
95703472[0427]
95704188[0488]
95727652[1330]
95745512[0696]
95757602[1296]
95769981[1358]
95853602[0989]
95855339[1580]
95938259[0709]
95955616[1335]
95977375[1042]
96086213[0513]
96096702[0481]
96131315[1941]
96191001[1593]
96313736[1575]
96344813[1349]
96375597[1432]
96403069[1567]
96424995[1885]
96469757[0817]
96478542[0940]
96499327[0379]
96520286[0439]
96540326[1126]
96568823[1667]
96626808[0460]
96660022[0261]
96680085[0490]
96694320[1511]
96786872[0567]
96802058[0264]
96883208[0616]
96964892[1040]
96987790[1703]
96991799[1904]
97000937[1537]
97025782[0164]
97027863[0754]
97052631[0875]
97059574[1552]
97135350[1986]
97147486[0400]
97254736[0838]
97288174[0282]
97315543[1163]
97344693[0399]
97398028[1785]
97488925[0973]
97499831[1190]
97518462[0083]
97541102[1192]
97547120[1710]
97551076[0381]
97727963[1386]
97826477[1400]
97886054[1071]
97948293[0432]
97965672[0668]
98070753[0565]
98176247[0455]
98299176[1436]
98339114[0676]
98377129[0661]
98419659[0993]
98493652[1661]
98502193[0101]
98507510[1466]
98511237[0521]
98558639[1666]
98574816[0391]
98661747[1047]
98695593[0612]
98847406[0464]
98864846[1410]
98960082[0671]
99035898[1987]
99110449[0323]
99120662[0977]
99208415[0572]
99234337[1368]
99248103[0735]
99272739[1646]
99341006[0424]
99348599[1338]
99387777[1106]
99531837[1428]
99594944[0525]
99595455[0110]
99620545[0033]
99630438[0248]
99658259[0825]
99694142[1356]
99793055[0827]
99879434[0929]
99946903[0763]
99997056[0657]
